1  49.44666667   7.00000000  50.00000000 5 AfrS
2  49.36153846   6.83333333  50.00000000 5 AfrS
3  49.26666667   6.63611111  50.00000000 5 AfrS
4  49.16666667   6.46969697  50.00000000 5 AfrS
5  49.14057971   6.23333333  50.00000000 5 AfrS
6  49.06206897   6.06666667  50.00000000 5 AfrS
7  48.94166667   5.90000000  50.00000000 5 AfrS
8  48.85319149   5.73333333  50.00000000 5 AfrS
9  48.73333333   5.56666667  50.00000000 5 AfrS
10  48.63333333   5.41052632  50.00000000 5 AfrS
11  48.53333333   5.26060606  50.00000000 5 AfrS
12  48.40000000   5.12222222  50.00000000 5 AfrS
13  48.30444444   4.93333333  50.00000000 5 AfrS
14  48.21568627   4.76666667  50.00000000 5 AfrS
15  48.11481481   4.60000000  50.00000000 5 AfrS
16  48.00606061   4.43333333  50.00000000 5 AfrS
17  47.92500000   4.26666667  50.00000000 5 AfrS
18  47.82500000   4.10000000  50.00000000 5 AfrS
19  47.70370370   3.93333333  50.00000000 5 AfrS
20  47.49649123   3.90000000  50.00000000 5 AfrS
21  47.37500000   3.73333333  50.00000000 5 AfrS
22  47.36666665   3.63333333  50.00000000 5 AfrS
23  47.22456140   3.50000000  50.00000000 5 AfrS
24  47.10000000   3.35200000  50.00000000 5 AfrS
25  46.95333333   3.26666667  50.00000000 5 AfrS
26  46.84129353   3.13333333  50.00000000 5 AfrS
27  46.70000000   3.00972222  50.00000000 5 AfrS
28  46.54367816   2.90000000  50.00000000 5 AfrS
29  46.40000000   2.77179487  50.00000000 5 AfrS
30  46.26666667   2.64367816  50.00000000 5 AfrS
31  46.13333333   2.51764706  50.00000000 5 AfrS
32  46.00000000   2.39166667  50.00000000 5 AfrS
33  45.83333333   2.28813559  50.00000000 5 AfrS
34  45.66666667   2.18958333  50.00000000 5 AfrS
35  45.50000000   2.08935185  50.00000000 5 AfrS
36  45.32868217   2.00000000  50.00000000 5 AfrS
37  45.13333333   1.90750751  50.00000000 5 AfrS
38  44.96666667   1.81220044  50.00000000 5 AfrS
39  44.82916667   1.70000000  50.00000000 5 AfrS
40  44.64859438   1.60000000  50.00000000 5 AfrS
41  44.50000000   1.48577236  50.00000000 5 AfrS
42  44.34273504   1.36666667  50.00000000 5 AfrS
43  44.20125786   1.23333333  50.00000000 5 AfrS
44  44.06666667   1.11500000  50.00000000 5 AfrS
45  43.92564103   1.00000000  50.00000000 5 AfrS
46  43.76823529   0.86666667  50.00000000 5 AfrS
47  43.63333333   0.75555556  50.00000000 5 AfrS
48  43.49969697   0.63333333  50.00000000 5 AfrS
49  43.36666667   0.48993711  50.00000000 5 AfrS
50  43.23692308   0.33333333  50.00000000 5 AfrS
51  43.12121212   0.20000000  50.00000000 5 AfrS
52  43.00000000   0.04696970  50.00000000 5 AfrS
53  42.86666667  -0.07604167  50.00000000 5 AfrS
54  42.73333333  -0.22839506  50.00000000 5 AfrS
55  42.61702128  -0.36666667  50.00000000 5 AfrS
56  42.50000000  -0.51272727  50.00000000 5 AfrS
57  42.37619048  -0.66666667  50.00000000 5 AfrS
58  42.26666667  -0.81014493  50.00000000 5 AfrS
59  42.13976608  -0.96666667  50.00000000 5 AfrS
60  42.01419753  -1.10000000  50.00000000 5 AfrS
61  41.90000000  -1.23988095  50.00000000 5 AfrS
62  41.77510040  -1.40000000  50.00000000 5 AfrS
63  41.66666667  -1.56296296  50.00000000 5 AfrS
64  41.55252525  -1.70000000  50.00000000 5 AfrS
65  41.43709273  -1.86666667  50.00000000 5 AfrS
66  41.32713178  -2.00000000  50.00000000 5 AfrS
67  41.20588235  -2.16666667  50.00000000 5 AfrS
68  41.06666667  -2.27192982  50.00000000 5 AfrS
69  40.93333333  -2.41777778  50.00000000 5 AfrS
70  40.77083333  -2.53333333  50.00000000 5 AfrS
71  40.62037037  -2.63333333  50.00000000 5 AfrS
72  40.47280702  -2.76666667  50.00000000 5 AfrS
73  40.33333333  -2.88181818  50.00000000 5 AfrS
74  40.23492064  -3.06666667  50.00000000 5 AfrS
75  40.17073171  -3.26666667  50.00000000 5 AfrS
76  40.04848485  -3.40000000  50.00000000 5 AfrS
77  39.94416667  -3.56666667  50.00000000 5 AfrS
78  39.87136150  -3.76666667  50.00000000 5 AfrS
79  39.79000000  -3.93333333  50.00000000 5 AfrS
80  39.69016393  -4.10000000  50.00000000 5 AfrS
81  39.60000000  -4.29916667  50.00000000 5 AfrS
82  39.53333333  -4.47115385  50.00000000 5 AfrS
83  39.43589744  -4.66666667  50.00000000 5 AfrS
84  39.33493590  -4.83333333  50.00000000 5 AfrS
85  39.23333333  -4.99803922  50.00000000 5 AfrS
86  39.15490196  -5.16666667  50.00000000 5 AfrS
87  39.09500000  -5.36666667  50.00000000 5 AfrS
88  39.06666667  -5.63333333  50.00000000 5 AfrS
89  39.20000000  -5.66458333  50.00000000 5 AfrS
90  39.33333333  -5.70294118  50.00000000 5 AfrS
91  39.37565543  -5.86666667  50.00000000 5 AfrS
92  39.46666667  -6.06623377  50.00000000 5 AfrS
93  39.56666667  -6.23148148  50.00000000 5 AfrS
94  39.56666667  -6.46172840  50.00000000 5 AfrS
95  39.38533333  -6.53333333  50.00000000 5 AfrS
96  39.31530055  -6.73333333  50.00000000 5 AfrS
97  39.46794872  -6.83333333  50.00000000 5 AfrS
98  39.56557377  -7.03333333  50.00000000 5 AfrS
99  39.60000000  -7.26666667  50.00000000 5 AfrS
100  39.71045752  -7.40000000  50.00000000 5 AfrS
101  39.83333333  -7.53888889  50.00000000 5 AfrS
102  39.90000000  -7.73333333  50.00000000 5 AfrS
103  39.83333333  -7.91985816  50.00000000 5 AfrS
104  39.73333333  -8.06987654  50.00000000 5 AfrS
105  39.60448718  -8.16666667  50.00000000 5 AfrS
106  39.56666667  -8.37631134  50.00000000 5 AfrS
107  39.56721992  -8.53333333  50.00000000 5 AfrS
108  39.41212121  -8.63333333  50.00000000 5 AfrS
109  39.54371585  -8.76666667  50.00000000 5 AfrS
110  39.54054054  -8.96666667  50.00000000 5 AfrS
111  39.62500000  -9.16666667  50.00000000 5 AfrS
112  39.63333333  -9.38005249  50.00000000 5 AfrS
113  39.70000000  -9.54285714  50.00000000 5 AfrS
114  39.75176152  -9.76666667  50.00000000 5 AfrS
115  39.77765152  -9.93333333  50.00000000 5 AfrS
116  39.86666667  -9.99947090  50.00000000 5 AfrS
117  40.00784314 -10.10000000  50.00000000 5 AfrS
118  40.13333333 -10.21687243  50.00000000 5 AfrS
119  40.26363636 -10.20000000  50.00000000 5 AfrS
120  40.41920290 -10.30000000  50.00000000 5 AfrS
121  40.50000000 -10.47605634  50.00000000 5 AfrS
122  40.59702381 -10.66666667  50.00000000 5 AfrS
123  40.67569444 -10.76666667  50.00000000 5 AfrS
124  40.66666667 -10.94242424  50.00000000 5 AfrS
125  40.64325397 -11.06666667  50.00000000 5 AfrS
126  40.66010929 -11.20000000  50.00000000 5 AfrS
127  40.67916667 -11.36666667  50.00000000 5 AfrS
128  40.63333333 -11.50595238  50.00000000 5 AfrS
129  40.57142857 -11.66666667  50.00000000 5 AfrS
130  40.61625000 -11.83333333  50.00000000 5 AfrS
131  40.63263889 -12.03333333  50.00000000 5 AfrS
132  40.63333333 -12.25000000  50.00000000 5 AfrS
133  40.63463203 -12.40000000  50.00000000 5 AfrS
134  40.64017413 -12.60000000  50.00000000 5 AfrS
135  40.63333333 -12.79004329  50.00000000 5 AfrS
136  40.50229885 -12.93333333  50.00000000 5 AfrS
137  40.58594377 -13.06666667  50.00000000 5 AfrS
138  40.58106667 -13.33333333  50.00000000 5 AfrS
139  40.59837398 -13.53333333  50.00000000 5 AfrS
140  40.60597015 -13.76666667  50.00000000 5 AfrS
141  40.62549020 -13.96666667  50.00000000 5 AfrS
142  40.60000000 -14.13685345  50.00000000 5 AfrS
143  40.66666667 -14.19535655  50.00000000 5 AfrS
144  40.80000000 -14.26917148  50.00000000 5 AfrS
145  40.66010929 -14.40000000  50.00000000 5 AfrS
146  40.82159091 -14.43333333  50.00000000 5 AfrS
147  40.81828909 -14.63333333  50.00000000 5 AfrS
148  40.83333333 -14.85982906  50.00000000 5 AfrS
149  40.80079840 -14.96666667  50.00000000 5 AfrS
150  40.70000000 -15.10821256  50.00000000 5 AfrS
151  40.63333333 -15.16419048  50.00000000 5 AfrS
152  40.70619308 -15.33333333  50.00000000 5 AfrS
153  40.63729730 -15.53333333  50.00000000 5 AfrS
154  40.47829457 -15.63333333  50.00000000 5 AfrS
155  40.46666667 -15.80308123  50.00000000 5 AfrS
156  40.36880952 -16.00000000  50.00000000 5 AfrS
157  40.23333333 -16.04285714  50.00000000 5 AfrS
158  40.21875000 -16.16666667  50.00000000 5 AfrS
159  40.10000000 -16.30081301  50.00000000 5 AfrS
160  39.96666667 -16.40888889  50.00000000 5 AfrS
161  39.83881279 -16.53333333  50.00000000 5 AfrS
162  39.71476190 -16.66666667  50.00000000 5 AfrS
163  39.56666667 -16.77184466  50.00000000 5 AfrS
164  39.40426357 -16.90000000  50.00000000 5 AfrS
165  39.26666667 -17.00444444  50.00000000 3 Mid
166  39.10000000 -17.10652174  50.00000000 3 Mid
167  38.93333333 -17.21964286  50.00000000 3 Mid
168  38.76666667 -17.30804598  50.00000000 3 Mid
169  38.60000000 -17.33690476  50.00000000 3 Mid
170  38.46666667 -17.48125000  50.00000000 3 Mid
171  38.30000000 -17.57113821  50.00000000 3 Mid
172  38.14444444 -17.60000000  50.00000000 3 Mid
173  37.97142857 -17.63333333  50.00000000 3 Mid
174  38.00000000 -17.73030303  50.00000000 3 Mid
175  37.86666667 -17.80024691  50.00000000 3 Mid
176  37.70940171 -17.86666667  50.00000000 3 Mid
177  37.60000000 -18.03131313  50.00000000 3 Mid
178  37.45000000 -18.13333333  50.00000000 3 Mid
179  37.33030303 -18.26666667  50.00000000 3 Mid
180  37.24666667 -18.46666667  50.00000000 3 Mid
181  37.03333333 -18.46111111  50.00000000 3 Mid
182  36.87500000 -18.56666667  50.00000000 3 Mid
183  36.83703704 -18.73333333  50.00000000 3 Mid
184  36.74444444 -18.90000000  50.00000000 3 Mid
185  36.61904762 -19.03333333  50.00000000 3 Mid
186  36.56666667 -19.25000000  50.00000000 3 Mid
187  36.59444444 -19.46666667  50.00000000 3 Mid
188  36.54133333 -19.70000000  50.00000000 3 Mid
189  36.41111111 -19.83333333  50.00000000 3 Mid
190  36.29230769 -19.96666667  50.00000000 3 Mid
191  36.15833333 -20.06666667  50.00000000 3 Mid
192  36.17222222 -19.83333333  50.00000000 3 Mid
193  36.33030303 -19.70000000  50.00000000 3 Mid
194  36.34666667 -19.46666667  50.00000000 3 Mid
195  36.16666667 -19.39999999  50.00000000 3 Mid
196  35.99999998 -19.46666667  50.00000000 3 Mid
197  35.89999998 -19.63333333  50.00000000 3 Mid
198  35.79999998 -19.80000000  50.00000000 3 Mid
199  35.69999998 -19.96666667  50.00000000 3 Mid
200  35.68888889 -20.23333333  50.00000000 3 Mid
201  35.64871795 -20.46666667  50.00000000 3 Mid
202  35.53333333 -20.63333333  50.00000000 3 Mid
203  35.43333333 -20.76666667  50.00000000 3 Mid
204  35.60000000 -20.85555556  50.00000000 3 Mid
205  35.63333333 -21.03518519  50.00000000 3 Mid
206  35.53333333 -21.21111111  50.00000000 3 Mid
207  35.50070922 -21.40000000  50.00000000 3 Mid
208  35.51851852 -21.66666667  50.00000000 3 Mid
209  35.53390805 -21.90000000  50.00000000 3 Mid
210  35.55602837 -22.10000000  50.00000000 3 Mid
211  35.56666667 -22.27777778  50.00000000 3 Mid
212  35.57222222 -22.53333333  50.00000000 3 Mid
213  35.56419753 -22.76666667  50.00000000 3 Mid
214  35.62615385 -22.96666667  50.00000000 3 Mid
215  35.55882353 -23.16666667  50.00000000 3 Mid
216  35.51282051 -23.40000000  50.00000000 3 Mid
217  35.58571429 -23.60000000  50.00000000 3 Mid
218  35.60000000 -23.82916667  50.00000000 3 Mid
219  35.54126984 -24.03333333  50.00000000 3 Mid
220  35.48636364 -24.23333333  50.00000000 3 Mid
221  35.36250000 -24.36666667  50.00000000 3 Mid
222  35.28666667 -24.56666667  50.00000000 3 Mid
223  35.17333333 -24.73333333  50.00000000 3 Mid
224  35.00000000 -24.81851852  50.00000000 3 Mid
225  34.83333333 -24.90000000  50.00000000 3 Mid
226  34.63333333 -24.93333333  50.00000000 3 Mid
227  34.43333333 -24.98888889  50.00000000 3 Mid
228  34.23333333 -25.04927536  50.00000000 3 Mid
229  34.00000000 -25.09385965  50.00000000 3 Mid
230  33.80666667 -25.16666667  50.00000000 3 Mid
231  33.63333333 -25.26349206  50.00000000 3 Mid
232  33.43333333 -25.30648148  50.00000000 3 Mid
233  33.27666667 -25.43333333  50.00000000 3 Mid
234  33.12857143 -25.53333333  50.00000000 3 Mid
235  33.04117647 -25.73333333  50.00000000 3 Mid
236  33.04907407 -25.93333333  50.00000000 3 Mid
237  33.01010101 -26.10000000  50.00000000 3 Mid
238  33.02888889 -26.30000000  50.00000000 3 Mid
239  32.98777778 -26.53333333  50.00000000 3 Mid
240  32.93333333 -26.76666666  50.00000000 3 Mid
241  32.91282051 -27.00000000  50.00000000 3 Mid
242  32.83333333 -27.19523810  50.00000000 3 Mid
243  32.76547619 -27.36666667  50.00000000 3 Mid
244  32.70000000 -27.56666667  50.00000000 3 Mid
245  32.64408602 -27.80000000  50.00000000 3 Mid
246  32.60087719 -28.03333333  50.00000000 3 Mid
247  32.55625000 -28.23333333  50.00000000 3 Mid
248  32.48039216 -28.43333333  50.00000000 3 Mid
249  32.38484849 -28.60000000  50.00000000 3 Mid
250  32.26666667 -28.75208333  50.00000000 3 Mid
251  32.15555556 -28.90000000  50.00000000 3 Mid
252  32.10000001 -29.03333333  50.00000000 3 Mid
253  32.02666667 -29.16666667  50.00000000 3 Mid
254  31.90000000 -29.30833333  50.00000000 3 Mid
255  31.83333333 -29.43333333  50.00000000 3 Mid
256  31.63333333 -29.43888889  50.00000000 3 Mid
257  31.56666667 -29.33333333  50.00000000 3 Mid
258  31.40000000 -29.36416667  50.00000000 3 Mid
259  31.27777778 -29.50000000  50.00000000 3 Mid
260  31.16666667 -29.66296296  50.00000000 3 Mid
261  31.16666667 -29.77777778  50.00000000 3 Mid
262  31.04878049 -29.93333333  50.00000000 3 Mid
263  30.93620690 -30.10000000  50.00000000 5 AfrS
264  30.84196078 -30.26666667  50.00000000 5 AfrS
265  30.73333333 -30.41190476  50.00000000 5 AfrS
266  30.63148148 -30.56666667  50.00000000 5 AfrS
267  30.56666667 -30.70555556  50.00000000 5 AfrS
268  30.46666667 -30.83111111  50.00000000 5 AfrS
269  30.36666667 -30.97283951  50.00000000 5 AfrS
270  30.23333333 -31.11609195  50.00000000 5 AfrS
271  30.10000000 -31.25964912  50.00000000 5 AfrS
272  29.96666667 -31.37272727  50.00000000 5 AfrS
273  29.82222222 -31.46666667  50.00000000 5 AfrS
274  29.80000000 -31.53425926  50.00000000 5 AfrS
275  29.66666666 -31.60000000  50.00000000 5 AfrS
276  29.47936508 -31.70000000  50.00000000 5 AfrS
277  29.35454545 -31.83333333  50.00000000 5 AfrS
278  29.23333333 -31.96666667  50.00000000 5 AfrS
279  29.10000000 -32.10123457  50.00000000 5 AfrS
280  28.96349206 -32.23333333  50.00000000 5 AfrS
281  28.81555556 -32.36666667  50.00000000 5 AfrS
282  28.68666667 -32.50000000  50.00000000 5 AfrS
283  28.53333333 -32.62000000  50.00000000 5 AfrS
284  28.40000000 -32.75555556  50.00000000 5 AfrS
285  28.20000000 -32.83125000  50.00000000 5 AfrS
286  28.06666667 -32.95555556  50.00000000 5 AfrS
287  27.90666667 -33.06666667  50.00000000 5 AfrS
288  27.76666666 -33.16666667  50.00000000 5 AfrS
289  27.70000000 -33.19583333  50.00000000 5 AfrS
290  27.53333333 -33.30000000  50.00000000 5 AfrS
291  27.38205128 -33.40000000  50.00000000 5 AfrS
292  27.21818182 -33.50000000  50.00000000 5 AfrS
293  27.03333333 -33.59855073  50.00000000 5 AfrS
294  26.85151515 -33.66666667  50.00000000 5 AfrS
295  26.66666667 -33.75512820  50.00000000 5 AfrS
296  26.46666667 -33.81777778  50.00000000 5 AfrS
297  26.27272727 -33.86666667  50.00000000 5 AfrS
298  26.10000000 -33.79523810  50.00000000 5 AfrS
299  25.91111111 -33.86666667  50.00000000 5 AfrS
300  25.79583333 -34.00000000  50.00000000 5 AfrS
301  25.60000000 -34.07733333  50.00000000 5 AfrS
302  25.43333333 -34.06535088  50.00000000 5 AfrS
303  25.23333333 -34.00000000  50.00000000 5 AfrS
304  25.04814815 -34.06666667  50.00000000 5 AfrS
305  24.93333333 -34.20579710  50.00000000 6 SouthW
306  24.73333333 -34.22522523  50.00000000 6 SouthW
307  24.46666667 -34.22888889  50.00000000 6 SouthW
308  24.40000000 -34.15740741  50.00000000 6 SouthW
309  24.19473684 -34.10000000  50.00000000 6 SouthW
310  23.96666667 -34.05844156  50.00000000 6 SouthW
311  23.80000000 -34.03028846  50.00000000 6 SouthW
312  23.59487180 -34.00000000  50.00000000 6 SouthW
313  23.47500000 -34.10000000  50.00000000 6 SouthW
314  23.30000000 -34.12452830  50.00000000 6 SouthW
315  23.03333333 -34.11555556  50.00000000 6 SouthW
316  22.80000000 -34.09619048  50.00000000 6 SouthW
317  22.56666663 -34.10000000  50.00000000 6 SouthW
318  22.33333333 -34.08518519  50.00000000 6 SouthW
319  22.20000000 -34.20000000  50.00000000 6 SouthW
320  22.02222222 -34.23333333  50.00000000 6 SouthW
321  21.96666667 -34.37692308  50.00000000 6 SouthW
322  21.73333333 -34.42478633  50.00000000 6 SouthW
323  21.47777778 -34.43333333  50.00000000 6 SouthW
324  21.29090909 -34.46666667  50.00000000 6 SouthW
325  21.06666667 -34.42456140  50.00000000 6 SouthW
326  20.86666667 -34.49603175  50.00000000 6 SouthW
327  20.60740741 -34.50000000  50.00000000 6 SouthW
328  20.50000000 -34.63666667  50.00000000 6 SouthW
329  20.36666667 -34.73000000  50.00000000 6 SouthW
330  20.22222222 -34.83333333  50.00000000 6 SouthW
331  20.06666667 -34.87450980  50.00000000 6 SouthW
332  19.88333333 -34.93333333  50.00000000 6 SouthW
333  19.73333333 -34.87000000  50.00000000 6 SouthW
334  19.60000000 -34.82307692  50.00000000 6 SouthW
335  19.46666666 -34.73333333  50.00000000 6 SouthW
336  19.26666667 -34.73725490  50.00000000 6 SouthW
337  19.23452381 -34.63333333  50.00000000 6 SouthW
338  19.23333333 -34.46547619  50.00000000 6 SouthW
339  19.03518519 -34.36666667  50.00000000 6 SouthW
340  18.86666667 -34.42456140  50.00000000 6 SouthW
341  18.73333333 -34.28333333  50.00000000 6 SouthW
342  18.56666667 -34.19722222  50.00000000 6 SouthW
343  18.53333333 -34.32380952  50.00000000 6 SouthW
344  18.43154762 -34.40000000  50.00000000 6 SouthW
345  18.33448276 -34.26666667  50.00000000 6 SouthW
346  18.31562500 -34.10000000  50.00000000 6 SouthW
347  18.33333333 -33.90303030  50.00000000 6 SouthW
348  18.35438597 -33.73333333  50.00000000 6 SouthW
349  18.23333333 -33.57222222  50.00000000 6 SouthW
350  18.12777778 -33.46666667  50.00000000 6 SouthW
351  18.06666667 -33.36666667  50.00000000 6 SouthW
352  18.00434783 -33.20000000  50.00000000 6 SouthW
353  17.87962963 -33.06666667  50.00000000 6 SouthW
354  17.80000000 -32.88484849  50.00000000 6 SouthW
355  17.83888889 -32.70000000  50.00000000 6 SouthW
356  18.01666667 -32.60000000  50.00000000 6 SouthW
357  18.18095238 -32.50000000  50.00000000 6 SouthW
358  18.27435897 -32.33333333  50.00000000 6 SouthW
359  18.23333333 -32.12222222  50.00000000 6 SouthW
360  18.17301587 -31.90000000  50.00000000 6 SouthW
361  18.11754386 -31.70000000  50.00000000 6 SouthW
362  18.00000000 -31.56111111  50.00000000 6 SouthW
363  17.86666667 -31.40919540  50.00000000 6 SouthW
364  17.75757576 -31.26666667  50.00000000 6 SouthW
365  17.63218391 -31.13333333  50.00000000 6 SouthW
366  17.52916667 -30.96666667  50.00000000 6 SouthW
367  17.46666667 -30.75888889  50.00000000 6 SouthW
368  17.35238095 -30.60000000  50.00000000 6 SouthW
369  17.26260163 -30.43333333  50.00000000 6 SouthW
370  17.19007092 -30.23333333  50.00000000 6 SouthW
371  17.10430108 -30.03333333  50.00000000 6 SouthW
372  17.03333333 -29.85000000  50.00000000 6 SouthW
373  16.97070707 -29.63333333  50.00000000 6 SouthW
374  16.90000000 -29.46666666  50.00000000 6 SouthW
375  16.83333333 -29.24814815  50.00000000 6 SouthW
376  16.73333333 -29.09382716  50.00000000 6 SouthW
377  16.60490196 -28.93333333  50.00000000 6 SouthW
378  16.46666667 -28.81358025  50.00000000 6 SouthW
379  16.31372549 -28.70000000  50.00000000 6 SouthW
380  16.18645833 -28.56666667  50.00000000 6 SouthW
381  16.07142857 -28.40000000  50.00000000 6 SouthW
382  15.96666667 -28.25374150  50.00000000 6 SouthW
383  15.81145833 -28.13333333  50.00000000 6 SouthW
384  15.67398374 -28.00000000  50.00000000 6 SouthW
385  15.56666667 -27.83571429  50.00000000 6 SouthW
386  15.47619048 -27.66666667  50.00000000 6 SouthW
387  15.37560976 -27.50000000  50.00000000 6 SouthW
388  15.27760417 -27.33333333  50.00000000 6 SouthW
389  15.20303030 -27.13333333  50.00000000 6 SouthW
390  15.13333333 -26.94871795  50.00000000 6 SouthW
391  15.06666667 -26.75128205  50.00000000 6 SouthW
392  15.00000000 -26.53333333  50.00000000 6 SouthW
393  14.92982456 -26.36666667  50.00000000 6 SouthW
394  14.88690476 -26.13333333  50.00000000 6 SouthW
395  14.86458333 -25.90000000  50.00000000 6 SouthW
396  14.79666667 -25.70000000  50.00000000 6 SouthW
397  14.76666667 -25.50833333  50.00000000 6 SouthW
398  14.71111111 -25.30000000  50.00000000 6 SouthW
399  14.74848485 -25.06666667  50.00000000 6 SouthW
400  14.68750000 -24.86666667  50.00000000 6 SouthW
401  14.53333333 -24.74333333  50.00000000 6 SouthW
402  14.43000000 -24.60000000  50.00000000 6 SouthW
403  14.46666667 -24.40000000  50.00000000 6 SouthW
404  14.43333333 -24.20000003  50.00000000 6 SouthW
405  14.41491228 -24.00000000  50.00000000 6 SouthW
406  14.42666667 -23.80000000  50.00000000 6 SouthW
407  14.40350877 -23.53333333  50.00000000 6 SouthW
408  14.40000000 -23.36666666  50.00000000 6 SouthW
409  14.36666667 -23.12619048  50.00000000 6 SouthW
410  14.40000000 -22.90666667  50.00000000 6 SouthW
411  14.42666667 -22.73333333  50.00000000 6 SouthW
412  14.33333333 -22.54666667  50.00000000 6 SouthW
413  14.26944444 -22.33333333  50.00000000 6 SouthW
414  14.16666667 -22.18333333  50.00000000 6 SouthW
415  14.04242424 -22.03333333  50.00000000 6 SouthW
416  13.90714286 -21.90000000  50.00000000 6 SouthW
417  13.83000000 -21.73333333  50.00000000 6 SouthW
418  13.72307692 -21.56666667  50.00000000 6 SouthW
419  13.64166667 -21.36666667  50.00000000 6 SouthW
420  13.53333333 -21.20196078  50.00000000 6 SouthW
421  13.44637681 -21.03333333  50.00000000 6 SouthW
422  13.34814815 -20.86666667  50.00000000 6 SouthW
423  13.27017544 -20.66666667  50.00000000 6 SouthW
424  13.20000000 -20.46666667  50.00000000 6 SouthW
425  13.12063492 -20.30000000  50.00000000 6 SouthW
426  13.02222222 -20.13333333  50.00000000 6 SouthW
427  12.93333333 -19.95555556  50.00000000 6 SouthW
428  12.86481481 -19.76666667  50.00000000 6 SouthW
429  12.76666667 -19.58500000  50.00000000 6 SouthW
430  12.67803030 -19.40000000  50.00000000 6 SouthW
431  12.57179487 -19.23333333  50.00000000 6 SouthW
432  12.46842105 -19.06666667  50.00000000 6 SouthW
433  12.36666667 -18.90769231  50.00000000 6 SouthW
434  12.23888889 -18.76666667  50.00000000 6 SouthW
435  12.07954545 -18.66666667  50.00000000 6 SouthW
436  11.96984127 -18.50000000  50.00000000 6 SouthW
437  11.90000000 -18.31000000  50.00000000 6 SouthW
438  11.80000000 -18.16222222  50.00000000 6 SouthW
439  11.77089947 -17.96666667  50.00000000 5 AfrS
440  11.73243243 -17.76666667  50.00000000 5 AfrS
441  11.69943503 -17.53333333  50.00000000 5 AfrS
442  11.67727273 -17.26666667  50.00000000 5 AfrS
443  11.68823529 -17.00000000  50.00000000 5 AfrS
444  11.68484848 -16.73333333  50.00000000 5 AfrS
445  11.63333333 -16.56190476  50.00000000 5 AfrS
446  11.73333333 -16.36666670  50.00000000 5 AfrS
447  11.74623656 -16.13333333  50.00000000 5 AfrS
448  11.71169591 -15.90000000  50.00000000 5 AfrS
449  11.83333333 -15.76333333  50.00000000 5 AfrS
450  11.96666667 -15.62051282  50.00000000 5 AfrS
451  12.01000000 -15.40000000  50.00000000 5 AfrS
452  12.07351598 -15.20000000  50.00000000 5 AfrS
453  12.14444444 -15.00000000  50.00000000 5 AfrS
454  12.23267974 -14.80000000  50.00000000 5 AfrS
455  12.28196078 -14.60000000  50.00000000 5 AfrS
456  12.31111111 -14.36666667  50.00000000 5 AfrS
457  12.32398374 -14.10000000  50.00000000 5 AfrS
458  12.38917749 -13.90000000  50.00000000 5 AfrS
459  12.49362745 -13.73333333  50.00000000 5 AfrS
460  12.51969697 -13.50000000  50.00000000 5 AfrS
461  12.62921348 -13.33333333  50.00000000 5 AfrS
462  12.72828283 -13.16666667  50.00000000 5 AfrS
463  12.80000000 -13.04545455  50.00000000 5 AfrS
464  12.90000000 -12.89201389  50.00000000 5 AfrS
465  13.03333333 -12.75618557  50.00000000 5 AfrS
466  13.16666667 -12.61566951  50.00000000 5 AfrS
467  13.33333333 -12.50000000  50.00000000 5 AfrS
468  13.46166667 -12.36666667  50.00000000 5 AfrS
469  13.57901235 -12.23333333  50.00000000 5 AfrS
470  13.64285714 -12.03333333  50.00000000 5 AfrS
471  13.66666667 -11.80000000  50.00000000 5 AfrS
472  13.62708333 -11.60000000  50.00000000 5 AfrS
473  13.56287879 -11.40000000  50.00000000 5 AfrS
474  13.66666667 -11.25925926  50.00000000 5 AfrS
475  13.77777778 -11.10000000  50.00000000 5 AfrS
476  13.73174603 -10.90000000  50.00000000 5 AfrS
477  13.66666667 -10.67500000  50.00000000 5 AfrS
478  13.54761905 -10.53333333  50.00000000 5 AfrS
479  13.43333333 -10.38888889  50.00000000 5 AfrS
480  13.33333333 -10.21333333  50.00000000 5 AfrS
481  13.23492063 -10.03333333  50.00000000 5 AfrS
482  13.16388889  -9.86666667  50.00000000 5 AfrS
483  13.10208333  -9.63333333  50.00000000 5 AfrS
484  13.03076923  -9.46666667  50.00000000 5 AfrS
485  12.93333334  -9.26666667  50.00000000 5 AfrS
486  12.94736842  -9.06666667  50.00000000 5 AfrS
487  13.06666667  -8.91848485  50.00000000 5 AfrS
488  13.16666667  -8.75185185  50.00000000 5 AfrS
489  13.20512820  -8.53333333  50.00000000 5 AfrS
490  13.14444444  -8.33333333  50.00000000 5 AfrS
491  13.05925926  -8.16666667  50.00000000 5 AfrS
492  12.96250000  -8.00000000  50.00000000 5 AfrS
493  12.88750000  -7.80000000  50.00000000 5 AfrS
494  12.86666667  -7.62500000  50.00000000 5 AfrS
495  12.76666667  -7.44000000  50.00000000 5 AfrS
496  12.65000000  -7.30000000  50.00000000 5 AfrS
497  12.53333333  -7.14166667  50.00000000 5 AfrS
498  12.43333337  -7.03333333  50.00000000 5 AfrS
499  12.30000003  -6.90000000  50.00000000 5 AfrS
500  12.24000000  -6.70000000  50.00000000 5 AfrS
501  12.15000000  -6.53333333  50.00000000 5 AfrS
502  12.09523809  -6.33333333  50.00000000 5 AfrS
503  12.00185185  -6.13333333  50.00000000 5 AfrS
504  12.20000000  -6.06398210  50.00000000 5 AfrS
505  12.36666667  -6.08527132  50.00000000 5 AfrS
506  12.50000000  -6.04682540  50.00000000 5 AfrS
507  12.33148148  -6.00000000  50.00000000 5 AfrS
508  12.10000000  -5.98266667  50.00000000 5 AfrS
509  11.93333333  -5.94166667  50.00000000 5 AfrS
510  11.91481481  -5.76666667  50.00000000 5 AfrS
511  11.88571429  -5.53333333  50.00000000 5 AfrS
512  11.85714286  -5.30000000  50.00000000 5 AfrS
513  11.86666667  -5.09999998  50.00000000 5 AfrS
514  11.76666667  -4.93333330  50.00000000 5 AfrS
515  11.64444444  -4.76666667  50.00000000 5 AfrS
516  11.53333333  -4.63333333  50.00000000 5 AfrS
517  11.40000000  -4.48888889  50.00000000 5 AfrS
518  11.26666667  -4.35555556  50.00000000 5 AfrS
519  11.13333333  -4.23333332  50.00000000 5 AfrS
520  11.00000000  -4.09999999  50.00000000 5 AfrS
521  10.85833333  -3.96666667  50.00000000 5 AfrS
522  10.73333333  -3.83333332  50.00000000 5 AfrS
523  49.23333333 -11.95901639  50.00000000 3 Madagaskar
524  49.40555556 -12.20000000  50.00000000 3 Madagaskar
525  49.63333333 -12.45185185  50.00000000 3 Madagaskar
526  49.80000000 -12.74747475  50.00000000 3 Madagaskar
527  49.93921569 -13.03333333  50.00000000 3 Madagaskar
528  50.03121019 -13.46666667  50.00000000 3 Madagaskar
529  50.14993026 -13.83333333  50.00000000 3 Madagaskar
530  50.16666667 -14.23400000  50.00000000 3 Madagaskar
531  50.26666667 -14.54705882  50.00000000 3 Madagaskar
532  50.30000000 -14.85037037  50.00000000 3 Madagaskar
533  50.47295597 -15.16666667  50.00000000 3 Madagaskar
534  50.45466667 -15.56666667  50.00000000 3 Madagaskar
535  50.31111111 -15.93333333  50.00000000 3 Madagaskar
536  50.08024691 -15.96666667  50.00000000 3 Madagaskar
537  49.93333333 -15.63149606  50.00000000 3 Madagaskar
538  49.65555556 -15.56666667  50.00000000 3 Madagaskar
539  49.73333333 -15.96439394  50.00000000 3 Madagaskar
540  49.86666667 -16.26197183  50.00000000 3 Madagaskar
541  49.86228070 -16.60000000  50.00000000 3 Madagaskar
542  50.07777778 -16.80000000  50.00000000 3 Madagaskar
543  49.90000000 -17.13333333  50.00000000 3 Madagaskar
544  49.63333333 -16.96060606  50.00000000 3 Madagaskar
545  49.49649123 -17.30000000  50.00000000 3 Madagaskar
546  49.55714286 -17.66666667  50.00000000 3 Madagaskar
547  49.56376812 -18.03333333  50.00000000 3 Madagaskar
548  49.42083333 -18.40000000  50.00000000 3 Madagaskar
549  49.33333333 -18.80222222  50.00000000 3 Madagaskar
550  49.22857143 -19.20000000  50.00000000 3 Madagaskar
551  49.10600000 -19.60000000  50.00000000 3 Madagaskar
552  48.90000000 -19.89555556  50.00000000 3 Madagaskar
553  48.76666667 -20.23636364  50.00000000 3 Madagaskar
554  48.63888889 -20.63333333  50.00000000 3 Madagaskar
555  48.54393939 -21.03333333  50.00000000 3 Madagaskar
556  48.43333333 -21.42000000  50.00000000 3 Madagaskar
557  48.30000000 -21.78888889  50.00000000 3 Madagaskar
558  48.13333333 -22.10000000  50.00000000 3 Madagaskar
559  47.97971014 -22.46666667  50.00000000 3 Madagaskar
560  47.89629630 -22.86666667  50.00000000 3 Madagaskar
561  47.80555556 -23.30000000  50.00000000 3 Madagaskar
562  47.69848485 -23.66666667  50.00000000 3 Madagaskar
563  47.56388889 -24.03333333  50.00000000 3 Madagaskar
564  47.54691358 -24.33333333  50.00000000 3 Madagaskar
565  47.40256410 -24.63333333  50.00000000 3 Madagaskar
566  47.20000000 -24.86491228  50.00000000 3 Madagaskar
567  47.06250000 -25.20000000  50.00000000 3 Madagaskar
568  46.83333333 -25.16145833  50.00000000 3 Madagaskar
569  46.40000000 -25.20752688  50.00000000 3 Madagaskar
570  46.01604938 -25.33333333  50.00000000 3 Madagaskar
571  45.73333333 -25.53333333  50.00000000 3 Madagaskar
572  45.40000000 -25.65833333  50.00000000 3 Madagaskar
573  45.10000000 -25.58750000  50.00000000 3 Madagaskar
574  44.80833333 -25.43333333  50.00000000 3 Madagaskar
575  44.51666667 -25.46666667  50.00000000 3 Madagaskar
576  44.70000000 -25.70000001  50.00000000 3 Madagaskar
577  44.56183575 -25.80000000  50.00000000 3 Madagaskar
578  44.36666667 -25.53908046  50.00000000 3 Madagaskar
579  44.19772727 -25.23333333  50.00000000 3 Madagaskar
580  44.00283688 -24.90000000  50.00000000 3 Madagaskar
581  43.80747126 -24.60000000  50.00000000 3 Madagaskar
582  43.73333333 -24.31666667  50.00000000 3 Madagaskar
583  43.64180791 -23.90000000  50.00000000 3 Madagaskar
584  43.68869048 -23.56666667  50.00000000 3 Madagaskar
585  43.56041667 -23.26666667  50.00000000 3 Madagaskar
586  43.36666667 -22.95897436  50.00000000 3 Madagaskar
587  43.22098765 -22.60000000  50.00000000 3 Madagaskar
588  43.20000000 -22.19999998  50.00000000 3 Madagaskar
589  43.21818182 -21.73333333  50.00000000 3 Madagaskar
590  43.33055556 -21.33333333  50.00000000 3 Madagaskar
591  43.56153846 -21.06666667  50.00000000 3 Madagaskar
592  43.78484848 -20.80000000  50.00000000 3 Madagaskar
593  44.00000000 -20.52962963  50.00000000 3 Madagaskar
594  44.06666667 -20.06666667  50.00000000 3 Madagaskar
595  44.06470588 -19.70000000  50.00000000 3 Madagaskar
596  44.03333333 -19.30666667  50.00000000 3 Madagaskar
597  44.04166667 -18.90000000  50.00000000 3 Madagaskar
598  43.78518519 -18.66666667  50.00000000 3 Madagaskar
599  43.56666667 -18.36666667  50.00000000 3 Madagaskar
600  43.41190476 -18.03333333  50.00000000 3 Madagaskar
601  43.33333333 -17.69166667  50.00000000 3 Madagaskar
602  43.30476190 -17.26666667  50.00000000 3 Madagaskar
603  43.40000000 -16.90000000  50.00000000 3 Madagaskar
604  43.50000000 -16.59473684  50.00000000 3 Madagaskar
605  43.76533333 -16.33333333  50.00000000 3 Madagaskar
606  43.89693487 -16.03333333  50.00000000 3 Madagaskar
607  44.16666667 -15.82958333  50.00000000 3 Madagaskar
608  44.43333333 -15.59792131  50.00000000 3 Madagaskar
609  44.72500000 -15.63333333  50.00000000 3 Madagaskar
610  45.10000000 -15.66003317  50.00000000 3 Madagaskar
611  45.50000000 -15.67660819  50.00000000 3 Madagaskar
612  45.86666667 -15.53666667  50.00000000 3 Madagaskar
613  46.13333333 -15.32623656  50.00000000 3 Madagaskar
614  46.39506173 -15.40000000  50.00000000 3 Madagaskar
615  46.63247863 -15.13333333  50.00000000 3 Madagaskar
616  46.88148148 -14.96666667  50.00000000 3 Madagaskar
617  47.13333333 -14.73238095  50.00000000 3 Madagaskar
618  47.46666667 -14.54722222  50.00000000 3 Madagaskar
619  47.57602339 -14.16666667  50.00000000 3 Madagaskar
620  47.70000000 -13.79365079  50.00000000 3 Madagaskar
621  47.90000000 -13.56551724  50.00000000 3 Madagaskar
622  48.05825243 -13.26666667  50.00000000 3 Madagaskar
623  48.33333333 -13.11904762  50.00000000 3 Madagaskar
624  48.43333333 -12.77666667  50.00000000 3 Madagaskar
625  48.58761905 -12.43333333  50.00000000 3 Madagaskar
626  48.83333333 -12.25789474  50.00000000 3 Madagaskar
