1 172.70000000 -34.39629630  50.00000000 3 NZLN
2 172.86666667 -34.37954545  50.00000000 3 NZLN
3 173.03333333 -34.39757576  50.00000000 3 NZLN
4 173.05517241 -34.53333333  50.00000000 3 NZLN
5 173.10000000 -34.64927536  50.00000000 3 NZLN
6 173.20000000 -34.73333333  50.00000000 3 NZLN
7 173.30000000 -34.73333333  50.00000000 3 NZLN
8 173.40000000 -34.78333333  50.00000000 3 NZLN
9 173.46989247 -34.86666667  50.00000000 3 NZLN
10 173.60000000 -34.91244444  50.00000000 3 NZLN
11 173.73333333 -34.94242424  50.00000000 3 NZLN
12 173.86666667 -34.96666667  50.00000000 3 NZLN
13 173.97866667 -35.03333333  50.00000000 3 NZLN
14 174.07166667 -35.10000000  50.00000000 3 NZLN
15 174.16666667 -35.18115942  50.00000000 3 NZLN
16 174.33333333 -35.19523810  50.00000000 3 NZLN
17 174.33456790 -35.26666667  50.00000000 3 NZLN
18 174.41851852 -35.36666667  50.00000000 3 NZLN
19 174.50000000 -35.46666667  50.00000000 3 NZLN
20 174.55724638 -35.56666667  50.00000000 3 NZLN
21 174.60000000 -35.70000000  50.00000000 3 NZLN
22 174.62098765 -35.83333333  50.00000000 3 NZLN
23 174.66666670 -35.90000000  50.00000000 3 NZLN
24 174.70000000 -35.94666667  50.00000000 3 NZLN
25 174.67407407 -36.00000000  50.00000000 3 NZLN
26 174.70000000 -36.10000000  50.00000000 3 NZLN
27 174.76666667 -36.16666667  50.00000000 3 NZLN
28 174.83333333 -36.26666667  50.00000000 3 NZLN
29 174.90000000 -36.36666667  50.00000000 3 NZLN
30 174.96666666 -36.50000000  50.00000000 3 NZLN
31 175.10000000 -36.50000001  50.00000000 3 NZLN
32 175.23333330 -36.50000000  50.00000000 3 NZLN
33 175.30000000 -36.51052632  50.00000000 3 NZLN
34 175.36666667 -36.40000000  50.00000000 3 NZLN
35 175.46666667 -36.47676768  50.00000000 3 NZLN
36 175.56666667 -36.56666667  50.00000000 3 NZLN
37 175.66666667 -36.61212121  50.00000000 3 NZLN
38 175.80000000 -36.57777778  50.00000000 3 NZLN
39 175.93333333 -36.63333333  50.00000000 3 NZLN
40 175.91000000 -36.73333333  50.00000000 3 NZLN
41 175.83333333 -36.80000000  50.00000000 3 NZLN
42 175.88494624 -36.90000000  50.00000000 3 NZLN
43 175.95416667 -37.00000000  50.00000000 3 NZLN
44 175.95396826 -37.16666667  50.00000000 3 NZLN
45 176.00000000 -37.28055556  50.00000000 3 NZLN
46 176.08571429 -37.36666667  50.00000000 3 NZLN
47 176.16666667 -37.44761905  50.00000000 3 NZLN
48 176.26666666 -37.53333333  50.00000000 3 NZLN
49 176.36666667 -37.58333333  50.00000000 3 NZLN
50 176.46666667 -37.63333334  50.00000000 3 NZLN
51 176.56666667 -37.70000001  50.00000000 3 NZLN
52 176.66666667 -37.76666667  50.00000000 3 NZLN
53 176.83333333 -37.76666667  50.00000000 3 NZLN
54 176.95000000 -37.83333333  50.00000000 3 NZLN
55 177.09999999 -37.86666667  50.00000000 3 NZLN
56 177.23333333 -37.86666667  50.00000000 3 NZLN
57 177.36666667 -37.84444444  50.00000000 3 NZLN
58 177.46666667 -37.80000000  50.00000000 3 NZLN
59 177.60000000 -37.75303030  50.00000000 3 NZLN
60 177.70000000 -37.67986111  50.00000000 3 NZLN
61 177.81578947 -37.63333333  50.00000000 3 NZLN
62 177.93333333 -37.56666667  50.00000000 3 NZLN
63 178.06666667 -37.53502252  50.00000000 3 NZLN
64 178.20000000 -37.52380952  50.00000000 3 NZLN
65 178.33333333 -37.56666667  50.00000000 3 NZLN
66 178.43333333 -37.56647834  50.00000000 3 NZLN
67 178.55185185 -37.60000000  50.00000000 3 NZLN
68 178.61282051 -37.70000000  50.00000000 3 NZLN
69 178.55000000 -37.80000000  50.00000000 3 NZLN
70 178.46666667 -37.90000000  50.00000000 3 NZLN
71 178.43333333 -38.00000000  50.00000000 3 NZLN
72 178.44583333 -38.13333333  50.00000000 3 NZLN
73 178.44791667 -38.30000000  50.00000000 3 NZLN
74 178.40000000 -38.40000000  50.00000000 3 NZLN
75 178.33333333 -38.53333333  50.00000000 3 NZLN
76 178.26666667 -38.61960784  50.00000000 3 NZLN
77 178.19047619 -38.70000000  50.00000000 3 NZLN
78 178.26666667 -38.72222222  50.00000000 3 NZLN
79 178.34000000 -38.73333333  50.00000000 3 NZLN
80 178.26666667 -38.82456140  50.00000000 3 NZLN
81 178.16666664 -38.86666667  50.00000000 3 NZLN
82 178.03333335 -38.90000000  50.00000000 3 NZLN
83 178.06666667 -38.93333337  50.00000000 3 NZLN
84 178.06666666 -39.00000000  50.00000000 3 NZLN
85 178.01904762 -39.13333333  50.00000000 3 NZLN
86 177.96666666 -39.23333333  50.00000000 3 NZLN
87 177.89999999 -39.33333333  50.00000000 3 NZLN
88 177.76666667 -39.33333333  50.00000000 3 NZLN
89 177.66666667 -39.26666666  50.00000000 3 NZLN
90 177.53333333 -39.23333333  50.00000000 3 NZLN
91 177.36666667 -39.22500000  50.00000000 3 NZLN
92 177.26666665 -39.26666667  50.00000000 3 NZLN
93 177.15000000 -39.33333333  50.00000000 3 NZLN
94 177.16666666 -39.43333333  50.00000000 3 NZLN
95 177.14545455 -39.60000000  50.00000000 3 NZLN
96 177.10000000 -39.70000000  50.00000000 3 NZLN
97 177.05057471 -39.83333333  50.00000000 3 NZLN
98 176.97037037 -39.93333333  50.00000000 3 NZLN
99 176.95238095 -40.06666667  50.00000000 3 NZLN
100 176.87083333 -40.16666667  50.00000000 3 NZLN
101 176.80000000 -40.25555556  50.00000000 3 NZLN
102 176.73333333 -40.33333333  50.00000000 3 NZLN
103 176.68333333 -40.46666667  50.00000000 3 NZLN
104 176.60000000 -40.53478261  50.00000000 3 NZLN
105 176.50000000 -40.60000000  50.00000000 3 NZLN
106 176.40000000 -40.70000000  50.00000000 3 NZLN
107 176.33333333 -40.76666667  50.00000000 3 NZLN
108 176.26666667 -40.89814815  50.00000000 3 NZLN
109 176.20000000 -41.00000000  50.00000000 3 NZLN
110 176.15333333 -41.10000000  50.00000000 3 NZLN
111 176.08484849 -41.20000000  50.00000000 3 NZLN
112 176.00000000 -41.26666667  50.00000000 3 NZLN
113 175.90000000 -41.34342105  50.00000000 3 NZLN
114 175.80000000 -41.40200000  50.00000000 3 NZLN
115 175.66666667 -41.46474359  50.00000000 3 NZLN
116 175.56666667 -41.51760300  50.00000000 3 NZLN
117 175.46666667 -41.57932489  50.00000000 3 NZLN
118 175.33333333 -41.62291667  50.00000000 3 NZLN
119 175.19841270 -41.60000000  50.00000000 3 NZLN
120 175.13333333 -41.50000000  50.00000000 3 NZLN
121 175.03333333 -41.40690691  50.00000000 3 NZLN
122 174.90000000 -41.43644444  50.00000000 3 NZLN
123 174.80000000 -41.39907407  50.00000000 3 NZLN
124 174.66666667 -41.36605784  50.00000000 3 NZLN
125 174.63080808 -41.23333333  50.00000000 3 NZLN
126 174.72702703 -41.16666667  50.00000000 3 NZLN
127 174.79646465 -41.06666667  50.00000000 3 NZLN
128 174.86666667 -40.97936508  50.00000000 3 NZLN
129 174.94230769 -40.90000000  50.00000000 3 NZLN
130 174.86470588 -40.90000000  50.00000000 3 NZLN
131 174.93333333 -40.80382514  50.00000000 3 NZLN
132 175.00000000 -40.83333334  50.00000000 3 NZLN
133 175.03333333 -40.71666667  50.00000000 3 NZLN
134 175.08222222 -40.60000000  50.00000000 3 NZLN
135 175.13333333 -40.46666667  50.00000000 3 NZLN
136 175.16666667 -40.36666667  50.00000000 3 NZLN
137 175.13333333 -40.26666666  50.00000000 3 NZLN
138 175.03333334 -40.16666667  50.00000000 3 NZLN
139 174.90000002 -40.13333333  50.00000000 3 NZLN
140 174.80000000 -40.08000000  50.00000000 3 NZLN
141 174.70000000 -40.03333333  50.00000000 3 NZLN
142 174.53333333 -40.01333333  50.00000000 3 NZLN
143 174.40000002 -39.96666667  50.00000000 3 NZLN
144 174.30000000 -39.98333333  50.00000000 3 NZLN
145 174.13333335 -39.96666667  50.00000000 3 NZLN
146 174.06666667 -39.95000000  50.00000000 3 NZLN
147 174.00000000 -39.86666665  50.00000000 3 NZLN
148 173.93333334 -39.73333333  50.00000000 3 NZLN
149 173.88148148 -39.63333333  50.00000000 3 NZLN
150 173.83333333 -39.52037037  50.00000000 3 NZLN
151 173.74871795 -39.43333333  50.00000000 3 NZLN
152 173.70000000 -39.30000000  50.00000000 3 NZLN
153 173.76666667 -39.18240741  50.00000000 3 NZLN
154 173.86666667 -39.10162602  50.00000000 3 NZLN
155 173.96666667 -39.05000000  50.00000000 3 NZLN
156 174.06666667 -39.00000000  50.00000000 3 NZLN
157 174.16666667 -38.93333333  50.00000000 3 NZLN
158 174.28333333 -38.86666667  50.00000000 3 NZLN
159 174.35000000 -38.76666667  50.00000000 3 NZLN
160 174.43333333 -38.66666667  50.00000000 3 NZLN
161 174.50000000 -38.56666667  50.00000000 3 NZLN
162 174.54444444 -38.46666667  50.00000000 3 NZLN
163 174.60000000 -38.33333334  50.00000000 3 NZLN
164 174.63333334 -38.23333333  50.00000000 3 NZLN
165 174.64901961 -38.06666667  50.00000000 3 NZLN
166 174.68000000 -37.93333333  50.00000000 3 NZLN
167 174.65151515 -37.80000000  50.00000000 3 NZLN
168 174.66666667 -37.69999999  50.00000000 3 NZLN
169 174.63333333 -37.56666666  50.00000000 3 NZLN
170 174.58000000 -37.43333333  50.00000000 3 NZLN
171 174.50000000 -37.33333333  50.00000000 3 NZLN
172 174.46666667 -37.21904762  50.00000000 3 NZLN
173 174.38333333 -37.13333333  50.00000000 3 NZLN
174 174.32000000 -37.03333333  50.00000000 3 NZLN
175 174.33333334 -36.90000000  50.00000000 3 NZLN
176 174.26666667 -36.80000000  50.00000000 3 NZLN
177 174.20000000 -36.73333333  50.00000000 3 NZLN
178 174.11666667 -36.63333333  50.00000000 3 NZLN
179 174.03333333 -36.56666666  50.00000000 3 NZLN
180 173.96666667 -36.46666666  50.00000000 3 NZLN
181 173.91428571 -36.33333333  50.00000000 3 NZLN
182 173.86666667 -36.23333333  50.00000000 3 NZLN
183 173.80000000 -36.13333333  50.00000000 3 NZLN
184 173.73333333 -36.03333333  50.00000000 3 NZLN
185 173.64603174 -35.93333333  50.00000000 3 NZLN
186 173.56777778 -35.83333333  50.00000000 3 NZLN
187 173.50000000 -35.75294118  50.00000000 3 NZLN
188 173.41372549 -35.66666667  50.00000000 3 NZLN
189 173.33333333 -35.58472222  50.00000000 3 NZLN
190 173.26666667 -35.50000000  50.00000000 3 NZLN
191 173.17948718 -35.40000000  50.00000000 3 NZLN
192 173.10000000 -35.30000000  50.00000000 3 NZLN
193 173.03333333 -35.21733333  50.00000000 3 NZLN
194 173.00000000 -35.10000002  50.00000000 3 NZLN
195 172.96666667 -35.00000000  50.00000000 3 NZLN
196 172.91250000 -34.90000000  50.00000000 3 NZLN
197 172.86666667 -34.80000000  50.00000000 3 NZLN
198 172.78205128 -34.70000000  50.00000000 3 NZLN
199 172.70000000 -34.63333333  50.00000000 3 NZLN
200 172.56666667 -34.66376812  50.00000000 3 NZLN
201 172.56666667 -34.50000000  50.00000000 3 NZLN
202 172.63333333 -40.48141026  50.00000000 3 NZLS
203 172.80000000 -40.48266667  50.00000000 3 NZLS
204 172.96666665 -40.50000000  50.00000000 3 NZLS
205 173.06666667 -40.55000000  50.00000000 3 NZLS
206 173.13333333 -40.63333334  50.00000000 3 NZLS
207 173.23333333 -40.63333337  50.00000000 3 NZLS
208 173.30000000 -40.74444444  50.00000000 3 NZLS
209 173.40000000 -40.80000003  50.00000000 3 NZLS
210 173.48333333 -40.90000000  50.00000000 3 NZLS
211 173.60000000 -40.93333334  50.00000000 3 NZLS
212 173.70000000 -40.87878788  50.00000000 3 NZLS
213 173.77453704 -40.80000000  50.00000000 3 NZLS
214 173.86666668 -40.73333333  50.00000000 3 NZLS
215 174.00000000 -40.69691358  50.00000000 3 NZLS
216 174.00000000 -40.76666667  50.00000000 3 NZLS
217 174.07777778 -40.86666667  50.00000000 3 NZLS
218 174.13333333 -40.96666663  50.00000000 3 NZLS
219 174.03333333 -40.89999997  50.00000000 3 NZLS
220 174.00000000 -40.90000000  50.00000000 3 NZLS
221 174.10000000 -40.96666667  50.00000000 3 NZLS
222 174.26666664 -41.00000000  50.00000000 3 NZLS
223 174.34326241 -41.06666667  50.00000000 3 NZLS
224 174.38265583 -41.20000000  50.00000000 3 NZLS
225 174.29583333 -41.26666667  50.00000000 3 NZLS
226 174.21403509 -41.36666667  50.00000000 3 NZLS
227 174.26666667 -41.50000000  50.00000000 3 NZLS
228 174.26666667 -41.66666667  50.00000000 3 NZLS
229 174.30000000 -41.76666666  50.00000000 3 NZLS
230 174.23333333 -41.84740741  50.00000000 3 NZLS
231 174.15000000 -41.93333333  50.00000000 3 NZLS
232 174.08253968 -42.03333333  50.00000000 3 NZLS
233 174.01594203 -42.13333333  50.00000000 3 NZLS
234 173.93333333 -42.20512821  50.00000000 3 NZLS
235 173.90205128 -42.30000000  50.00000000 3 NZLS
236 173.85833333 -42.33333333  50.00000000 3 NZLS
237 173.76666667 -42.41666667  50.00000000 3 NZLS
238 173.64777778 -42.43333333  50.00000000 3 NZLS
239 173.55980392 -42.46666667  50.00000000 3 NZLS
240 173.53333333 -42.58333333  50.00000000 3 NZLS
241 173.50680272 -42.70000000  50.00000000 3 NZLS
242 173.45208333 -42.80000000  50.00000000 3 NZLS
243 173.40000000 -42.93333333  50.00000000 3 NZLS
244 173.33333333 -43.00000000  50.00000000 3 NZLS
245 173.20000000 -43.06666666  50.00000000 3 NZLS
246 173.16666667 -43.15000000  50.00000000 3 NZLS
247 173.27500000 -43.20000000  50.00000000 3 NZLS
248 173.26666666 -43.33333333  50.00000000 3 NZLS
249 173.25000000 -43.50000000  50.00000000 3 NZLS
250 173.21481482 -43.63333333  50.00000000 3 NZLS
251 173.16875000 -43.76666667  50.00000000 3 NZLS
252 173.10000000 -43.86666667  50.00000000 3 NZLS
253 173.00000000 -43.92450980  50.00000000 3 NZLS
254 172.86666667 -43.95757576  50.00000000 3 NZLS
255 172.73333333 -43.98484849  50.00000000 3 NZLS
256 172.59999998 -44.00000000  50.00000000 3 NZLS
257 172.46666667 -44.05833333  50.00000000 3 NZLS
258 172.36666665 -44.10000000  50.00000000 3 NZLS
259 172.25000000 -44.16666667  50.00000000 3 NZLS
260 172.13333333 -44.22222222  50.00000000 3 NZLS
261 172.00000000 -44.26666666  50.00000000 3 NZLS
262 171.89999999 -44.30000000  50.00000000 3 NZLS
263 171.79999998 -44.36666667  50.00000000 3 NZLS
264 171.66666667 -44.43333333  50.00000000 3 NZLS
265 171.56666667 -44.49999999  50.00000000 3 NZLS
266 171.50000000 -44.59999998  50.00000000 3 NZLS
267 171.48333333 -44.66666667  50.00000000 3 NZLS
268 171.50000000 -44.77777778  50.00000000 3 NZLS
269 171.43333333 -44.86666667  50.00000000 3 NZLS
270 171.36666667 -44.99999998  50.00000000 3 NZLS
271 171.30000000 -45.08666667  50.00000000 3 NZLS
272 171.23333333 -45.16666667  50.00000000 3 NZLS
273 171.16666667 -45.29999998  50.00000000 3 NZLS
274 171.10000000 -45.39999997  50.00000000 3 NZLS
275 171.17017544 -45.43333333  50.00000000 3 NZLS
276 171.13333333 -45.54814815  50.00000000 3 NZLS
277 171.03333335 -45.46666667  50.00000000 3 NZLS
278 170.99999999 -45.53333333  50.00000000 3 NZLS
279 170.90000000 -45.63333333  50.00000000 3 NZLS
280 170.86666666 -45.73333333  50.00000000 3 NZLS
281 170.80000000 -45.83333333  50.00000000 3 NZLS
282 170.70000000 -45.91823899  50.00000000 3 NZLS
283 170.56666667 -45.95833333  50.00000000 3 NZLS
284 170.46666667 -46.02000000  50.00000000 3 NZLS
285 170.38333333 -46.10000000  50.00000000 3 NZLS
286 170.30000000 -46.17333333  50.00000000 3 NZLS
287 170.22000000 -46.20000000  50.00000000 3 NZLS
288 170.13333333 -46.28461539  50.00000000 3 NZLS
289 170.03333333 -46.36666666  50.00000000 3 NZLS
290 169.93333333 -46.43333333  50.00000000 3 NZLS
291 169.83333333 -46.48194444  50.00000000 3 NZLS
292 169.73333333 -46.53428571  50.00000000 3 NZLS
293 169.60000000 -46.59616519  50.00000000 3 NZLS
294 169.46666667 -46.63333333  50.00000000 3 NZLS
295 169.33333333 -46.66666667  50.00000000 3 NZLS
296 169.20000000 -46.69183673  50.00000000 3 NZLS
297 169.06666667 -46.72083333  50.00000000 3 NZLS
298 168.90000000 -46.73333333  50.00000000 3 NZLS
299 168.76666667 -46.76666666  50.00000000 3 NZLS
300 168.66666667 -46.81666667  50.00000000 3 NZLS
301 168.56666667 -46.82222222  50.00000000 3 NZLS
302 168.43333333 -46.86000000  50.00000000 3 NZLS
303 168.33333333 -46.93333332  50.00000000 3 NZLS
304 168.26666667 -46.96666667  50.00000000 3 NZLS
305 168.28095238 -47.06666667  50.00000000 3 NZLS
306 168.16666667 -47.12444445  50.00000000 3 NZLS
307 168.06666667 -47.13303835  50.00000000 3 NZLS
308 167.93333333 -47.16352941  50.00000000 3 NZLS
309 167.83333333 -47.20476190  50.00000000 3 NZLS
310 167.66984127 -47.23333333  50.00000000 3 NZLS
311 167.56666667 -47.28976190  50.00000000 3 NZLS
312 167.46666667 -47.28940569  50.00000000 3 NZLS
313 167.35813953 -47.23333333  50.00000000 3 NZLS
314 167.46666667 -47.19753086  50.00000000 3 NZLS
315 167.53333333 -47.10000000  50.00000000 3 NZLS
316 167.63333333 -47.02179487  50.00000000 3 NZLS
317 167.66666667 -46.90000000  50.00000000 3 NZLS
318 167.60000000 -46.80434783  50.00000000 3 NZLS
319 167.63333333 -46.72948718  50.00000000 3 NZLS
320 167.73333334 -46.66666667  50.00000000 3 NZLS
321 167.80000000 -46.60000000  50.00000000 3 NZLS
322 167.70000000 -46.53333332  50.00000000 3 NZLS
323 167.63333333 -46.41666667  50.00000000 3 NZLS
324 167.50000002 -46.36666667  50.00000000 3 NZLS
325 167.40000000 -46.33333333  50.00000000 3 NZLS
326 167.23333333 -46.31862745  50.00000000 3 NZLS
327 167.10000000 -46.30000000  50.00000000 3 NZLS
328 166.93333333 -46.27849462  50.00000000 3 NZLS
329 166.80000000 -46.25476190  50.00000000 3 NZLS
330 166.66666667 -46.22937500  50.00000000 3 NZLS
331 166.56666667 -46.13466667  50.00000000 3 NZLS
332 166.57986577 -46.03333333  50.00000000 3 NZLS
333 166.46666667 -46.06666667  50.00000000 3 NZLS
334 166.41435897 -45.93333333  50.00000000 3 NZLS
335 166.46258503 -45.80000000  50.00000000 3 NZLS
336 166.51578947 -45.80000000  50.00000000 3 NZLS
337 166.63333333 -45.77522769  50.00000000 3 NZLS
338 166.56666667 -45.73319269  50.00000000 3 NZLS
339 166.51164483 -45.66666667  50.00000000 3 NZLS
340 166.63333333 -45.60183575  50.00000000 3 NZLS
341 166.66666667 -45.59494950  50.00000000 3 NZLS
342 166.70000000 -45.48083333  50.00000000 3 NZLS
343 166.76666667 -45.38566667  50.00000000 3 NZLS
344 166.83333333 -45.28393443  50.00000000 3 NZLS
345 166.90681004 -45.20000000  50.00000000 3 NZLS
346 167.00000000 -45.11867250  50.00000000 3 NZLS
347 167.09302046 -45.03333333  50.00000000 3 NZLS
348 167.16966184 -44.96666667  50.00000000 3 NZLS
349 167.26666667 -44.87373737  50.00000000 3 NZLS
350 167.36666667 -44.82142305  50.00000000 3 NZLS
351 167.47904762 -44.76666667  50.00000000 3 NZLS
352 167.56666667 -44.69172113  50.00000000 3 NZLS
353 167.66666667 -44.60931373  50.00000000 3 NZLS
354 167.76666667 -44.53333334  50.00000000 3 NZLS
355 167.83333333 -44.45675676  50.00000000 3 NZLS
356 167.93241590 -44.36666667  50.00000000 3 NZLS
357 168.00000000 -44.28250000  50.00000000 3 NZLS
358 168.10000000 -44.20857143  50.00000000 3 NZLS
359 168.20000000 -44.14273504  50.00000000 3 NZLS
360 168.29935897 -44.06666667  50.00000000 3 NZLS
361 168.37200000 -44.00000000  50.00000000 3 NZLS
362 168.53333333 -43.97195767  50.00000000 3 NZLS
363 168.66500000 -43.93333333  50.00000000 3 NZLS
364 168.73777778 -43.86666667  50.00000000 3 NZLS
365 168.86666667 -43.82037037  50.00000000 3 NZLS
366 169.02222222 -43.80000000  50.00000000 3 NZLS
367 169.13333333 -43.74391534  50.00000000 3 NZLS
368 169.23333333 -43.69666667  50.00000000 3 NZLS
369 169.35591398 -43.63333333  50.00000000 3 NZLS
370 169.46666667 -43.56666667  50.00000000 3 NZLS
371 169.55000000 -43.50000000  50.00000000 3 NZLS
372 169.63333334 -43.43333333  50.00000000 3 NZLS
373 169.79858156 -43.40000000  50.00000000 3 NZLS
374 169.90000000 -43.34594595  50.00000000 3 NZLS
375 169.98437500 -43.26666667  50.00000000 3 NZLS
376 170.06666667 -43.20000000  50.00000000 3 NZLS
377 170.15308642 -43.10000000  50.00000000 3 NZLS
378 170.23333334 -43.03333333  50.00000000 3 NZLS
379 170.33333334 -42.96666667  50.00000000 3 NZLS
380 170.43333333 -42.86666667  50.00000000 3 NZLS
381 170.50000000 -42.76666667  50.00000000 3 NZLS
382 170.63333332 -42.76666667  50.00000000 3 NZLS
383 170.76666667 -42.76666667  50.00000000 3 NZLS
384 170.86666667 -42.70000000  50.00000000 3 NZLS
385 170.93333334 -42.63333333  50.00000000 3 NZLS
386 171.00196078 -42.53333333  50.00000000 3 NZLS
387 171.06666667 -42.43333333  50.00000000 3 NZLS
388 171.13333333 -42.30000000  50.00000000 3 NZLS
389 171.16666667 -42.20000000  50.00000000 3 NZLS
390 171.23333333 -42.10000000  50.00000000 3 NZLS
391 171.31052632 -42.00000000  50.00000000 3 NZLS
392 171.36666667 -41.86666667  50.00000000 3 NZLS
393 171.40000000 -41.76666667  50.00000000 3 NZLS
394 171.50000000 -41.67826087  50.00000000 3 NZLS
395 171.60000000 -41.63333333  50.00000000 3 NZLS
396 171.70000000 -41.55128205  50.00000000 3 NZLS
397 171.78461538 -41.46666667  50.00000000 3 NZLS
398 171.86666667 -41.40000000  50.00000000 3 NZLS
399 171.93333334 -41.30000000  50.00000000 3 NZLS
400 172.03333333 -41.20000000  50.00000000 3 NZLS
401 172.05185185 -41.06666667  50.00000000 3 NZLS
402 172.06666667 -40.93333333  50.00000000 3 NZLS
403 172.13333333 -40.81372549  50.00000000 3 NZLS
404 172.20793651 -40.73333333  50.00000000 3 NZLS
405 172.26666667 -40.66666667  50.00000000 3 NZLS
406 172.26666667 -40.63333333  50.00000000 3 NZLS
407 172.33333333 -40.60000001  50.00000000 3 NZLS
408 172.46666667 -40.57575757  50.00000000 3 NZLS
