1 135.66666667  44.00000000  50.00000000 3 1
2 135.73333333  44.16666667  50.00000000 3 1
3 135.86470588  44.26666667  50.00000000 3 1
4 135.96666667  44.38627451  50.00000000 3 1
5 136.13161512  44.46666667  50.00000000 3 1
6 136.24814815  44.56666667  50.00000000 3 1
7 136.36666667  44.69259259  50.00000000 3 1
8 136.48857143  44.80000000  50.00000000 3 1
9 136.60000000  44.91111111  50.00000000 3 1
10 136.73207547  45.03333333  50.00000000 3 1
11 136.83333333  45.13939394  50.00000000 3 1
12 137.00000000  45.22435897  50.00000000 3 1
13 137.14242424  45.30000000  50.00000000 3 1
14 137.28000000  45.40000000  50.00000000 3 1
15 137.40000000  45.53333333  50.00000000 3 1
16 137.53333333  45.63015873  50.00000000 3 1
17 137.66666667  45.70769231  50.00000000 3 1
18 137.80000000  45.80555556  50.00000000 3 1
19 137.90555556  45.93333333  50.00000000 3 1
20 138.03333333  46.04000000  50.00000000 3 1
21 138.16190476  46.16666667  50.00000000 3 1
22 138.25833333  46.30000000  50.00000000 3 1
23 138.33333333  46.43333334  50.00000000 3 1
24 138.44000000  46.56666667  50.00000000 3 1
25 138.56666666  46.70000000  50.00000000 3 1
26 138.63333333  46.86250000  50.00000000 3 1
27 138.73333333  46.99722222  50.00000000 3 1
28 138.86666667  47.09729730  50.00000000 3 1
29 138.99408602  47.20000000  50.00000000 3 1
30 139.10000000  47.32000000  50.00000000 3 1
31 139.20256410  47.43333333  50.00000000 3 1
32 139.30000000  47.58571429  50.00000000 3 1
33 139.40555556  47.70000000  50.00000000 3 1
34 139.54166667  47.80000000  50.00000000 3 1
35 139.68000000  47.90000000  50.00000000 3 1
36 139.81666667  48.00000000  50.00000000 3 1
37 139.93888889  48.10000000  50.00000000 3 1
38 140.07777778  48.20000000  50.00000000 7 JapanN
39 140.23333333  48.26666667  50.00000000 7 JapanN
40 140.36666667  48.38571429  50.00000000 7 JapanN
41 140.42666667  48.56666667  50.00000000 7 JapanN
42 140.48095238  48.73333333  50.00000000 7 JapanN
43 140.56666666  48.90000000  50.00000000 7 JapanN
44 140.63333332  49.06666667  50.00000000 7 JapanN
45 140.53750000  49.16666667  50.00000000 7 JapanN
46 140.63333333  49.32857143  50.00000000 7 JapanN
47 140.68518518  49.50000000  50.00000000 7 JapanN
48 140.66666667  49.71111111  50.00000000 7 JapanN
49 140.68333333  49.90000000  50.00000000 7 JapanN
50 140.83809524  49.96666667  50.00000000 7 JapanN
51 140.90606061  50.13333333  50.00000000 7 JapanN
52 140.76666667  50.16250000  50.00000000 7 JapanN
53 140.74285714  50.30000000  50.00000000 7 JapanN
54 140.69999999  50.46666667  50.00000000 7 JapanN
55 140.70000000  50.66666670  50.00000000 7 JapanN
56 140.76666667  50.83333335  50.00000000 7 JapanN
57 140.86666667  50.96666663  50.00000000 7 JapanN
58 140.86666667  51.13333337  50.00000000 7 JapanN
59 140.98888889  51.26666667  50.00000000 7 JapanN
60 141.06060606  51.43333333  50.00000000 7 JapanN
61 141.20000001  51.40000000  50.00000000 7 JapanN
62 141.36666667  51.45555556  50.00000000 7 JapanN
63 141.50000000  51.53750000  50.00000000 7 JapanN
64 141.59444444  51.40000000  50.00000000 7 JapanN
65 141.73333333  51.30666667  50.00000000 7 JapanN
66 141.90000000  51.24166667  50.00000000 7 JapanN
67 142.03888889  51.16666667  50.00000000 7 JapanN
68 141.98000000  51.00000000  50.00000000 7 JapanN
69 141.93333334  50.80000000  50.00000000 7 JapanN
70 141.95066667  50.56666667  50.00000000 7 JapanN
71 142.03030303  50.40000000  50.00000000 7 JapanN
72 142.07971015  50.23333333  50.00000000 7 JapanN
73 142.07192982  50.00000000  50.00000000 7 JapanN
74 142.07592593  49.83333333  50.00000000 7 JapanN
75 142.07904762  49.60000000  50.00000000 7 JapanN
76 142.03333333  49.42500000  50.00000000 7 JapanN
77 141.95833333  49.26666667  50.00000000 7 JapanN
78 141.91538461  49.06666667  50.00000000 7 JapanN
79 141.83333333  48.91666667  50.00000000 7 JapanN
80 141.73846154  48.76666667  50.00000000 7 JapanN
81 141.71481482  48.56666667  50.00000000 7 JapanN
82 141.73333333  48.35000000  50.00000000 7 JapanN
83 141.72592593  48.16666667  50.00000000 7 JapanN
84 141.69487180  47.96666667  50.00000000 7 JapanN
85 141.76666667  47.81111111  50.00000000 7 JapanN
86 141.83571429  47.66666667  50.00000000 7 JapanN
87 141.86896552  47.46666667  50.00000000 7 JapanN
88 141.93333333  47.27333333  50.00000000 7 JapanN
89 141.95333333  47.06666667  50.00000000 7 JapanN
90 141.89523810  46.90000000  50.00000000 7 JapanN
91 141.80666667  46.73333333  50.00000000 7 JapanN
92 141.74583333  46.56666667  50.00000000 7 JapanN
93 141.76666667  46.36666667  50.00000000 7 JapanN
94 141.80000000  46.15000000  50.00000000 7 JapanN
95 141.83333333  45.95000000  50.00000000 7 JapanN
96 141.90000002  45.80000000  50.00000000 7 JapanN
97 141.90000000  45.66666670  50.00000000 7 JapanN
98 142.00000000  45.66666666  50.00000000 7 JapanN
99 141.83333333  45.59523809  50.00000000 7 JapanN
100 141.68095238  45.50000000  50.00000000 7 JapanN
101 141.56666667  45.38148148  50.00000000 7 JapanN
102 141.46666667  45.24166667  50.00000000 7 JapanN
103 141.53333333  45.10416667  50.00000000 7 JapanN
104 141.60000000  44.95555556  50.00000000 7 JapanN
105 141.67142857  44.80000000  50.00000000 7 JapanN
106 141.66923077  44.63333333  50.00000000 7 JapanN
107 141.61944444  44.46666667  50.00000000 7 JapanN
108 141.55714286  44.30000000  50.00000000 7 JapanN
109 141.60000000  44.11666667  50.00000000 7 JapanN
110 144.48000000  44.00000000  50.00000000 7 Kamchat
111 144.33333333  44.11111111  50.00000000 7 Kamchat
112 144.13333333  44.16764706  50.00000000 7 Kamchat
113 143.89999999  44.20000000  50.00000000 7 Kamchat
114 143.70000000  44.28095238  50.00000000 7 Kamchat
115 143.50833333  44.36666667  50.00000000 7 Kamchat
116 143.33333333  44.46190476  50.00000000 7 Kamchat
117 143.16666667  44.55000000  50.00000000 7 Kamchat
118 143.00555556  44.66666667  50.00000000 7 Kamchat
119 142.86666667  44.78148148  50.00000000 7 Kamchat
120 142.73333333  44.93333333  50.00000000 7 Kamchat
121 142.60000000  45.06153846  50.00000000 7 Kamchat
122 142.49047619  45.20000000  50.00000000 7 Kamchat
123 142.38333333  45.36666667  50.00000000 7 Kamchat
124 142.29999997  45.53333333  50.00000000 7 Kamchat
125 142.06666666  45.56666667  50.00000000 7 Kamchat
126 142.20000000  45.67222222  50.00000000 7 Kamchat
127 142.43333333  45.70000002  50.00000000 7 Kamchat
128 142.33333333  45.85333333  50.00000000 7 Kamchat
129 142.37777778  46.03333333  50.00000000 7 Kamchat
130 142.46666667  46.20833333  50.00000000 7 Kamchat
131 142.63333333  46.32222222  50.00000000 7 Kamchat
132 142.83333333  46.38333333  50.00000000 7 Kamchat
133 143.00000000  46.46666667  50.00000000 7 Kamchat
134 143.18888889  46.40000000  50.00000000 7 Kamchat
135 143.26666670  46.23333333  50.00000000 7 Kamchat
136 143.34888889  46.03333333  50.00000000 7 Kamchat
137 143.47407407  45.93333333  50.00000000 7 Kamchat
138 143.50972222  46.10000000  50.00000000 7 Kamchat
139 143.60119048  46.26666667  50.00000000 7 Kamchat
140 143.63333333  46.46666667  50.00000000 7 Kamchat
141 143.57777778  46.70000000  50.00000000 7 Kamchat
142 143.48253968  46.86666667  50.00000000 7 Kamchat
143 143.28148148  46.93333333  50.00000000 7 Kamchat
144 143.14615384  47.06666667  50.00000000 7 Kamchat
145 143.09166667  47.26666667  50.00000000 7 Kamchat
146 142.96666667  47.41111111  50.00000000 7 Kamchat
147 142.84537037  47.56666667  50.00000000 7 Kamchat
148 142.74000000  47.73333333  50.00000000 7 Kamchat
149 142.66666667  47.91111111  50.00000000 7 Kamchat
150 142.70317460  48.10000000  50.00000000 7 Kamchat
151 142.77777778  48.30000000  50.00000000 7 Kamchat
152 142.86666667  48.48484849  50.00000000 7 Kamchat
153 142.96500000  48.66666667  50.00000000 7 Kamchat
154 143.10000000  48.79032258  50.00000000 7 Kamchat
155 143.36666667  48.76666667  50.00000000 7 Kamchat
156 143.56666667  48.72444445  50.00000000 7 Kamchat
157 143.77777778  48.76666667  50.00000000 7 Kamchat
158 143.89333333  48.93333333  50.00000000 7 Kamchat
159 144.06666667  49.00740741  50.00000000 7 Kamchat
160 144.23333333  48.92727273  50.00000000 7 Kamchat
161 144.40000000  48.81666667  50.00000000 7 Kamchat
162 144.44444444  48.66666667  50.00000000 7 Kamchat
163 144.49487179  48.43333333  50.00000000 7 Kamchat
164 144.62307692  48.30000000  50.00000000 7 Kamchat
165 144.80000000  48.27192982  50.00000000 7 Kamchat
166 144.87005650  48.46666667  50.00000000 7 Kamchat
167 144.83333333  48.68095238  50.00000000 7 Kamchat
168 144.73722222  48.86666667  50.00000000 7 Kamchat
169 144.60000000  48.98947368  50.00000000 7 Kamchat
170 144.48095238  49.13333333  50.00000000 7 Kamchat
171 144.40000000  49.30000000  50.00000000 7 Kamchat
172 144.33333333  49.53333332  50.00000000 7 Kamchat
173 144.23333333  49.68666667  50.00000000 7 Kamchat
174 144.16666667  49.88333333  50.00000000 7 Kamchat
175 144.09666667  50.06666667  50.00000000 7 Kamchat
176 144.01190476  50.26666667  50.00000000 7 Kamchat
177 143.93589744  50.46666667  50.00000000 7 Kamchat
178 143.88333333  50.66666667  50.00000000 7 Kamchat
179 143.84166667  50.90000000  50.00000000 7 Kamchat
180 143.81904762  51.13333333  50.00000000 7 Kamchat
181 143.78095238  51.36666667  50.00000000 7 Kamchat
182 143.76111111  51.60000000  50.00000000 7 Kamchat
183 143.70000000  51.80833333  50.00000000 7 Kamchat
184 143.70000000  51.92222222  50.00000000 7 Kamchat
185 143.76666667  52.10000003  50.00000000 7 Kamchat
186 143.83333332  52.33333333  50.00000000 7 Kamchat
187 143.78095238  52.56666667  50.00000000 7 Kamchat
188 143.69999999  52.73333333  50.00000000 7 Kamchat
189 143.56666667  52.88333333  50.00000000 7 Kamchat
190 143.61428571  53.06666667  50.00000000 7 Kamchat
191 143.56666666  53.26666667  50.00000000 7 Kamchat
192 143.47333333  53.46666667  50.00000000 7 Kamchat
193 143.36666667  53.56666668  50.00000000 7 Kamchat
194 143.36666666  53.73333333  50.00000000 7 Kamchat
195 143.26666667  53.93333332  50.00000000 7 Kamchat
196 143.16666666  54.06666667  50.00000000 7 Kamchat
197 143.09047619  54.26666667  50.00000000 7 Kamchat
198 143.00833333  54.46666667  50.00000000 7 Kamchat
199 142.90000000  54.61333333  50.00000000 7 Kamchat
200 142.63333333  54.60833333  50.00000000 7 Kamchat
201 142.40000000  54.59999999  50.00000000 7 Kamchat
202 142.13333333  54.57777778  50.00000000 7 Kamchat
203 141.90000003  54.53333333  50.00000000 7 Kamchat
204 141.71666667  54.46666667  50.00000000 7 Kamchat
205 141.80000001  54.30000000  50.00000000 7 Kamchat
206 141.60000000  54.33333332  50.00000000 7 Kamchat
207 141.36666667  54.35000000  50.00000000 7 Kamchat
208 141.10000000  54.34000000  50.00000000 7 Kamchat
209 140.86666667  54.33333332  50.00000000 7 Kamchat
210 140.63333333  54.34166667  50.00000000 7 Kamchat
211 140.40000000  54.37777778  50.00000000 7 Kamchat
212 140.16666667  54.43333332  50.00000000 7 Kamchat
213 139.98333333  54.50000000  50.00000000 7 Kamchat
214 139.73333333  54.51333333  50.00000000 7 Kamchat
215 139.53333333  54.45833333  50.00000000 7 Kamchat
216 139.36666667  54.36666666  50.00000000 7 Kamchat
217 139.17777778  54.36666667  50.00000000 7 Kamchat
218 139.06666663  54.50000000  50.00000000 7 Kamchat
219 138.83333333  54.55000000  50.00000000 7 Kamchat
220 138.56666670  54.53333333  50.00000000 7 Kamchat
221 138.40000000  54.45555556  50.00000000 7 Kamchat
222 138.46666665  54.63333333  50.00000000 7 Kamchat
223 138.51666667  54.83333333  50.00000000 7 Kamchat
224 138.66666667  54.95555556  50.00000000 7 Kamchat
225 138.58333333  55.10000000  50.00000000 7 Kamchat
226 138.40000000  55.18717949  50.00000000 7 Kamchat
227 138.23333333  55.30000000  50.00000000 7 Kamchat
228 138.00000000  55.32916667  50.00000000 7 Kamchat
229 137.80000000  55.33333333  50.00000000 7 Kamchat
230 137.56666667  55.29803922  50.00000000 7 Kamchat
231 137.36666667  55.29333333  50.00000000 7 Kamchat
232 137.20000000  55.39166667  50.00000000 7 Kamchat
233 137.03333333  55.43333337  50.00000000 7 Kamchat
234 137.14666667  55.60000000  50.00000000 7 Kamchat
235 137.30000000  55.71111111  50.00000000 7 Kamchat
236 137.50000000  55.77777778  50.00000000 7 Kamchat
237 137.68888889  55.86666667  50.00000000 7 Kamchat
238 137.85555555  55.96666667  50.00000000 7 Kamchat
239 138.00000000  56.06666668  50.00000000 7 Kamchat
240 138.20000000  56.15833333  50.00000000 7 Kamchat
241 138.39999998  56.23333333  50.00000000 7 Kamchat
242 138.56666667  56.30666667  50.00000000 7 Kamchat
243 138.66666667  56.44666667  50.00000000 7 Kamchat
244 138.48888889  56.53333333  50.00000000 7 Kamchat
245 138.66666667  56.61666667  50.00000000 7 Kamchat
246 138.79999999  56.76666667  50.00000000 7 Kamchat
247 138.96666667  56.84444444  50.00000000 7 Kamchat
248 139.13333333  56.93333334  50.00000000 7 Kamchat
249 139.30000000  57.05000000  50.00000000 7 Kamchat
250 139.46666667  57.14583333  50.00000000 7 Kamchat
251 139.66666667  57.13888889  50.00000000 7 Kamchat
252 139.86666667  57.20000001  50.00000000 7 Kamchat
253 140.03333333  57.32777778  50.00000000 7 Kamchat
254 140.17500000  57.43333333  50.00000000 7 Kamchat
255 140.33333333  57.54000000  50.00000000 7 Kamchat
256 140.52222222  57.63333333  50.00000000 7 Kamchat
257 140.70000000  57.71333333  50.00000000 7 Kamchat
258 140.82222222  57.86666667  50.00000000 7 Kamchat
259 140.90000000  58.04000000  50.00000000 7 Kamchat
260 141.06666667  58.15714286  50.00000000 7 Kamchat
261 141.23333333  58.24444444  50.00000000 7 Kamchat
262 141.42222222  58.33333333  50.00000000 7 Kamchat
263 141.63333333  58.38571429  50.00000000 7 Kamchat
264 141.83333333  58.45555556  50.00000000 7 Kamchat
265 142.00000000  58.54166667  50.00000000 7 Kamchat
266 142.16666667  58.64444444  50.00000000 7 Kamchat
267 142.30000000  58.77777778  50.00000000 7 Kamchat
268 142.45555555  58.90000000  50.00000000 7 Kamchat
269 142.63333333  58.98666667  50.00000000 7 Kamchat
270 142.83333333  59.06000000  50.00000000 7 Kamchat
271 143.03333333  59.11111111  50.00000000 7 Kamchat
272 143.23333333  59.05333333  50.00000000 7 Kamchat
273 143.46666667  59.08571429  50.00000000 7 Kamchat
274 143.66666667  59.13888889  50.00000000 7 Kamchat
275 143.89999997  59.20000000  50.00000000 7 Kamchat
276 144.10000000  59.17142857  50.00000000 7 Kamchat
277 144.33333333  59.14285714  50.00000000 7 Kamchat
278 144.56666667  59.17500000  50.00000000 7 Kamchat
279 144.80000000  59.21212121  50.00000000 7 Kamchat
280 145.03333333  59.24393939  50.00000000 7 Kamchat
281 145.30000000  59.25925926  50.00000000 7 Kamchat
282 145.53333333  59.29166667  50.00000000 7 Kamchat
283 145.56666667  59.21666667  50.00000000 7 Kamchat
284 145.60000000  59.09047619  50.00000000 7 Kamchat
285 145.83333333  59.04166667  50.00000000 7 Kamchat
286 146.06666667  59.06833333  50.00000000 7 Kamchat
287 146.30000000  59.11333333  50.00000000 7 Kamchat
288 146.53333333  59.15757576  50.00000000 7 Kamchat
289 146.67333333  59.26666667  50.00000000 7 Kamchat
290 146.90000000  59.25416667  50.00000000 7 Kamchat
291 147.12222222  59.20000000  50.00000000 7 Kamchat
292 147.28888889  59.10000000  50.00000000 7 Kamchat
293 147.50000000  59.06000000  50.00000000 7 Kamchat
294 147.73333333  59.08750000  50.00000000 7 Kamchat
295 147.93333333  59.13333334  50.00000000 7 Kamchat
296 148.13333333  59.15000000  50.00000000 7 Kamchat
297 148.33333333  59.20666667  50.00000000 7 Kamchat
298 148.50000000  59.11388889  50.00000000 7 Kamchat
299 148.73333333  59.07777778  50.00000000 7 Kamchat
300 148.96666667  59.04920635  50.00000000 7 Kamchat
301 149.17619048  59.10000000  50.00000000 7 Kamchat
302 149.31111111  59.23333333  50.00000000 7 Kamchat
303 149.40000000  59.34444444  50.00000000 7 Kamchat
304 149.60000000  59.41111111  50.00000000 7 Kamchat
305 149.76666663  59.53333333  50.00000000 7 Kamchat
306 149.88666667  59.56666667  50.00000000 7 Kamchat
307 150.06666667  59.46666667  50.00000000 7 Kamchat
308 150.25000000  59.40000000  50.00000000 7 Kamchat
309 150.50000000  59.36666667  50.00000000 7 Kamchat
310 150.73333333  59.36000000  50.00000000 7 Kamchat
311 150.93333335  59.36666667  50.00000000 7 Kamchat
312 151.13333333  59.27777778  50.00000000 7 Kamchat
313 151.20000000  59.18000000  50.00000000 7 Kamchat
314 151.06666667  59.07333333  50.00000000 7 Kamchat
315 151.20000000  58.95384615  50.00000000 7 Kamchat
316 151.32708333  58.80000000  50.00000000 7 Kamchat
317 151.56666667  58.77017544  50.00000000 7 Kamchat
318 151.83333333  58.78888889  50.00000000 7 Kamchat
319 152.03333333  58.83703704  50.00000000 7 Kamchat
320 152.23333333  58.79444444  50.00000000 7 Kamchat
321 152.46666663  58.83333333  50.00000000 7 Kamchat
322 152.66666667  58.82000000  50.00000000 7 Kamchat
323 152.83333333  58.85000000  50.00000000 7 Kamchat
324 153.06666667  58.81111111  50.00000000 7 Kamchat
325 153.26666667  58.88888889  50.00000000 7 Kamchat
326 153.43333333  58.99166667  50.00000000 7 Kamchat
327 153.66666663  59.03333333  50.00000000 7 Kamchat
328 153.86666667  59.00555556  50.00000000 7 Kamchat
329 154.03333333  58.91666667  50.00000000 7 Kamchat
330 154.26666667  58.88000000  50.00000000 7 Kamchat
331 154.49999998  58.93333333  50.00000000 7 Kamchat
332 154.69999997  59.00000000  50.00000000 7 Kamchat
333 154.90000000  59.06000000  50.00000000 7 Kamchat
334 155.10000000  59.11333333  50.00000000 7 Kamchat
335 155.33333333  59.14102564  50.00000000 7 Kamchat
336 155.53333333  59.15072464  50.00000000 7 Kamchat
337 155.76666667  59.19393939  50.00000000 7 Kamchat
338 155.85833333  59.36666667  50.00000000 7 Kamchat
339 155.95000000  59.53333333  50.00000000 7 Kamchat
340 155.76666667  59.56666663  50.00000000 7 Kamchat
341 155.56666667  59.47333333  50.00000000 7 Kamchat
342 155.41666667  59.53333333  50.00000000 7 Kamchat
343 155.26666663  59.63333333  50.00000000 7 Kamchat
344 155.03333333  59.69999999  50.00000000 7 Kamchat
345 154.80000000  59.71666667  50.00000000 7 Kamchat
346 154.86666663  59.83333333  50.00000000 7 Kamchat
347 154.96666667  59.98333333  50.00000000 7 Kamchat
348 155.13333330  60.10000000  50.00000000 7 Kamchat
349 155.33333330  60.16666667  50.00000000 7 Kamchat
350 155.50000000  60.23333335  50.00000000 7 Kamchat
351 155.70000000  60.30000002  50.00000000 7 Kamchat
352 155.90000000  60.30000001  50.00000000 7 Kamchat
353 156.10000000  60.37777778  50.00000000 7 Kamchat
354 156.30000000  60.45555556  50.00000000 7 Kamchat
355 156.46666667  60.53333335  50.00000000 7 Kamchat
356 156.59999997  60.70000000  50.00000000 7 Kamchat
357 156.70000000  60.83333335  50.00000000 7 Kamchat
358 156.90000000  60.92222222  50.00000000 7 Kamchat
359 157.09999997  61.00000000  50.00000000 7 Kamchat
360 157.18333333  61.16666667  50.00000000 7 Kamchat
361 157.33333333  61.28888889  50.00000000 7 Kamchat
362 157.53333333  61.33333335  50.00000000 7 Kamchat
363 157.73333333  61.40000002  50.00000000 7 Kamchat
364 157.93333333  61.41111111  50.00000000 7 Kamchat
365 158.20000000  61.41111111  50.00000000 7 Kamchat
366 158.43333330  61.46666667  50.00000000 7 Kamchat
367 158.63333330  61.53333333  50.00000000 7 Kamchat
368 158.83333333  61.51111111  50.00000000 7 Kamchat
369 159.03333333  61.56666668  50.00000000 7 Kamchat
370 159.10000003  61.40000000  50.00000000 7 Kamchat
371 159.23333333  61.26190476  50.00000000 7 Kamchat
372 159.46666667  61.28333333  50.00000000 7 Kamchat
373 159.66666667  61.35833333  50.00000000 7 Kamchat
374 159.83333333  61.43333334  50.00000000 7 Kamchat
375 159.83333333  61.36428571  50.00000000 7 Kamchat
376 159.66666667  61.24444444  50.00000000 7 Kamchat
377 159.73333334  61.10000000  50.00000000 7 Kamchat
378 159.61111111  60.96666667  50.00000000 7 Kamchat
379 159.70000000  60.79166667  50.00000000 7 Kamchat
380 159.93333330  60.76666667  50.00000000 7 Kamchat
381 160.01111111  60.70000000  50.00000000 7 Kamchat
382 159.92000000  60.53333333  50.00000000 7 Kamchat
383 160.06666667  60.42777778  50.00000000 7 Kamchat
384 160.29999997  60.46666667  50.00000000 7 Kamchat
385 160.50000000  60.52777778  50.00000000 7 Kamchat
386 160.69999998  60.60000000  50.00000000 7 Kamchat
387 160.90000000  60.65333333  50.00000000 7 Kamchat
388 161.06666667  60.75000000  50.00000000 7 Kamchat
389 161.23333330  60.86666667  50.00000000 7 Kamchat
390 161.39999998  60.96666667  50.00000000 7 Kamchat
391 161.56666667  61.03333335  50.00000000 7 Kamchat
392 161.76666667  61.11111111  50.00000000 7 Kamchat
393 161.81111111  60.96666667  50.00000000 7 Kamchat
394 161.84444444  60.73333333  50.00000000 7 Kamchat
395 161.76666667  60.55555556  50.00000000 7 Kamchat
396 161.65333333  60.40000000  50.00000000 7 Kamchat
397 161.54285714  60.23333333  50.00000000 7 Kamchat
398 161.40000000  60.12727273  50.00000000 7 Kamchat
399 161.23333333  60.00833333  50.00000000 7 Kamchat
400 161.08888889  59.90000000  50.00000000 7 Kamchat
401 160.91666667  59.80000000  50.00000000 7 Kamchat
402 160.70000003  59.73333333  50.00000000 7 Kamchat
403 160.50000000  59.69166667  50.00000000 7 Kamchat
404 160.30000000  59.60000000  50.00000000 7 Kamchat
405 160.20000000  59.45625000  50.00000000 7 Kamchat
406 160.00000000  59.37222222  50.00000000 7 Kamchat
407 159.83333333  59.27083333  50.00000000 7 Kamchat
408 159.70000000  59.16190476  50.00000000 7 Kamchat
409 159.60303030  58.96666667  50.00000000 7 Kamchat
410 159.40000000  58.92000000  50.00000000 7 Kamchat
411 159.20000000  58.85000000  50.00000000 7 Kamchat
412 159.00000000  58.78000000  50.00000000 7 Kamchat
413 158.80000000  58.70833333  50.00000000 7 Kamchat
414 158.63333333  58.63333332  50.00000000 7 Kamchat
415 158.48333333  58.53333333  50.00000000 7 Kamchat
416 158.23333333  58.54166667  50.00000000 7 Kamchat
417 158.03333333  58.48333333  50.00000000 7 Kamchat
418 157.83333333  58.40555556  50.00000000 7 Kamchat
419 157.66666667  58.32000000  50.00000000 7 Kamchat
420 157.50833333  58.20000000  50.00000000 7 Kamchat
421 157.46666667  57.99999999  50.00000000 7 Kamchat
422 157.26666667  58.05833333  50.00000000 7 Kamchat
423 157.06666667  58.04000000  50.00000000 7 Kamchat
424 156.90000000  57.95555556  50.00000000 7 Kamchat
425 156.73333333  57.85833333  50.00000000 7 Kamchat
426 156.63333334  57.66666667  50.00000000 7 Kamchat
427 156.46666667  57.58333333  50.00000000 7 Kamchat
428 156.30000000  57.48888889  50.00000000 7 Kamchat
429 156.13333333  57.37777778  50.00000000 7 Kamchat
430 155.96666668  57.26666667  50.00000000 7 Kamchat
431 155.86666667  57.13333337  50.00000000 7 Kamchat
432 155.73333333  57.05333333  50.00000000 7 Kamchat
433 155.57500000  56.93333333  50.00000000 7 Kamchat
434 155.46666667  56.79999998  50.00000000 7 Kamchat
435 155.30000000  56.73809524  50.00000000 7 Kamchat
436 155.10000000  56.69999997  50.00000000 7 Kamchat
437 154.96666667  56.56666663  50.00000000 7 Kamchat
438 154.86666668  56.36666667  50.00000000 7 Kamchat
439 155.00000000  56.29166667  50.00000000 7 Kamchat
440 155.13333335  56.30000000  50.00000000 7 Kamchat
441 155.12500000  56.06666667  50.00000000 7 Kamchat
442 155.21666667  55.90000000  50.00000000 7 Kamchat
443 155.30000000  55.81666667  50.00000000 7 Kamchat
444 155.16666667  55.67333333  50.00000000 7 Kamchat
445 155.16666667  55.46666667  50.00000000 7 Kamchat
446 155.03333333  55.35555556  50.00000000 7 Kamchat
447 155.00000000  55.16250000  50.00000000 7 Kamchat
448 155.10000000  55.01666667  50.00000000 7 Kamchat
449 154.86666667  55.03623188  50.00000000 7 Kamchat
450 154.83333333  54.92564103  50.00000000 7 Kamchat
451 154.98750000  54.80000000  50.00000000 7 Kamchat
452 155.13333333  54.66666668  50.00000000 7 Kamchat
453 155.00000000  54.56923077  50.00000000 7 Kamchat
454 154.92727273  54.40000000  50.00000000 7 Kamchat
455 154.92592593  54.20000000  50.00000000 7 Kamchat
456 155.10000000  54.13166667  50.00000000 7 Kamchat
457 155.33333333  54.15666667  50.00000000 7 Kamchat
458 155.53333333  54.20000001  50.00000000 7 Kamchat
459 155.60000000  54.11666667  50.00000000 7 Kamchat
460 155.50000000  53.94166667  50.00000000 7 Kamchat
461 155.55833333  53.76666667  50.00000000 7 Kamchat
462 155.65833333  53.60000000  50.00000000 7 Kamchat
463 155.70000000  53.43333330  50.00000000 7 Kamchat
464 155.66000000  53.20000000  50.00000000 7 Kamchat
465 155.79999998  53.10000000  50.00000000 7 Kamchat
466 155.86666667  53.05000000  50.00000000 7 Kamchat
467 155.73333333  52.90952381  50.00000000 7 Kamchat
468 155.73333333  52.67500000  50.00000000 7 Kamchat
469 155.90000000  52.66296296  50.00000000 7 Kamchat
470 155.96111111  52.43333333  50.00000000 7 Kamchat
471 155.99629630  52.20000000  50.00000000 7 Kamchat
472 156.17777778  52.16666667  50.00000000 7 Kamchat
473 156.33333333  52.07777778  50.00000000 7 Kamchat
474 156.37708333  51.86666667  50.00000000 7 Kamchat
475 156.40555556  51.63333333  50.00000000 7 Kamchat
476 156.45454545  51.40000000  50.00000000 7 Kamchat
477 156.51515152  51.20000000  50.00000000 7 Kamchat
478 156.44814815  51.06666667  50.00000000 7 Kamchat
479 156.30000000  51.06944444  50.00000000 7 Kamchat
480 156.26666667  50.91111111  50.00000000 7 Kamchat
481 156.10000000  50.83055556  50.00000000 7 Kamchat
482 155.93333333  50.73087248  50.00000000 7 Kamchat
483 155.80000000  50.60000000  50.00000000 7 Kamchat
484 155.68421053  50.43333333  50.00000000 7 Kamchat
485 155.48592593  50.36666667  50.00000000 7 Kamchat
486 155.26666667  50.31739130  50.00000000 7 Kamchat
487 155.23905724  50.20000000  50.00000000 7 Kamchat
488 155.20000000  50.01182796  50.00000000 7 Kamchat
489 155.33333333  49.89453125  50.00000000 7 Kamchat
490 155.46666667  49.89978214  50.00000000 7 Kamchat
491 155.66666667  49.96621622  50.00000000 7 Kamchat
492 155.73333333  50.07619048  50.00000000 7 Kamchat
493 155.93333333  50.13333334  50.00000000 7 Kamchat
494 156.10000000  50.25833333  50.00000000 7 Kamchat
495 156.22857143  50.40000000  50.00000000 7 Kamchat
496 156.39629630  50.50000000  50.00000000 7 Kamchat
497 156.59166667  50.56666667  50.00000000 7 Kamchat
498 156.70000000  50.71333333  50.00000000 7 Kamchat
499 156.83333333  50.85000000  50.00000000 7 Kamchat
500 156.96666667  50.90666667  50.00000000 7 Kamchat
501 157.16666667  50.99166667  50.00000000 4 2
502 157.26666667  51.15185185  50.00000000 4 2
503 157.40000000  51.27272727  50.00000000 4 2
504 157.56031746  51.40000000  50.00000000 4 2
505 157.73333333  51.46666667  50.00000000 4 2
506 157.90000000  51.58939394  50.00000000 4 2
507 158.03333333  51.70229885  50.00000000 4 2
508 158.17291667  51.83333333  50.00000000 4 2
509 158.32738095  51.96666667  50.00000000 4 2
510 158.41843972  52.13333333  50.00000000 4 2
511 158.54841270  52.26666667  50.00000000 4 2
512 158.57906977  52.43333333  50.00000000 4 2
513 158.59479167  52.63333333  50.00000000 4 2
514 158.67843137  52.80000000  50.00000000 4 2
515 158.83333333  52.91142857  50.00000000 4 2
516 159.00000000  53.00101010  50.00000000 4 2
517 159.23333333  53.04722222  50.00000000 4 2
518 159.46666667  53.09629630  50.00000000 4 2
519 159.70000000  53.13000000  50.00000000 4 2
520 159.90000000  53.10576923  50.00000000 4 2
521 160.06666667  53.07131783  50.00000000 4 2
522 160.08205128  53.26666667  50.00000000 4 2
523 159.98000000  53.43333333  50.00000000 4 2
524 160.00000000  53.64259259  50.00000000 4 2
525 159.96190476  53.80000000  50.00000000 4 2
526 160.06666667  53.95555556  50.00000000 4 2
527 160.20000000  54.08750000  50.00000000 4 2
528 160.33333333  54.21372549  50.00000000 4 2
529 160.51666667  54.30000000  50.00000000 4 2
530 160.66666667  54.42933333  50.00000000 4 2
531 160.86666667  54.49888889  50.00000000 4 2
532 161.10000000  54.52111111  50.00000000 4 2
533 161.30000000  54.45024155  50.00000000 4 2
534 161.56666667  54.46338028  50.00000000 4 2
535 161.76666667  54.51095890  50.00000000 4 2
536 161.93333333  54.62644927  50.00000000 4 2
537 162.10000000  54.70535714  50.00000000 4 2
538 162.21309524  54.86666667  50.00000000 4 2
539 162.10000000  55.00000000  50.00000000 4 2
540 161.95098039  55.13333333  50.00000000 4 2
541 161.85500000  55.30000000  50.00000000 4 2
542 161.88431372  55.53333333  50.00000000 4 2
543 161.97962963  55.70000000  50.00000000 4 2
544 162.08431372  55.86666667  50.00000000 4 2
545 162.18541667  56.03333333  50.00000000 4 2
546 162.35641026  56.13333333  50.00000000 4 2
547 162.56666667  56.19122807  50.00000000 4 2
548 162.73968254  56.10000000  50.00000000 4 2
549 162.93333333  56.00168472  50.00000000 4 2
550 163.10916667  56.03333333  50.00000000 4 2
551 163.27307692  56.13333333  50.00000000 4 2
552 163.39279279  56.30000000  50.00000000 4 2
553 163.31531532  56.50000000  50.00000000 4 2
554 163.29705882  56.73333333  50.00000000 4 2
555 163.10000000  56.75878136  50.00000000 4 2
556 162.91458333  56.83333333  50.00000000 4 2
557 162.93095238  57.10000000  50.00000000 4 3
558 162.96000000  57.33333333  50.00000000 4 3
559 163.10000000  57.43555556  50.00000000 4 3
560 163.25287356  57.56666667  50.00000000 4 3
561 163.39791667  57.70000000  50.00000000 4 3
562 163.33809524  57.86666667  50.00000000 4 3
563 163.13333333  57.92142857  50.00000000 4 3
564 163.00000000  58.04285714  50.00000000 4 3
565 162.83333333  58.15384615  50.00000000 4 3
566 162.62222222  58.16666667  50.00000000 4 3
567 162.46666667  58.06666666  50.00000000 4 3
568 162.33333333  58.03333333  50.00000000 4 3
569 162.38888889  58.23333333  50.00000000 4 3
570 162.46666667  58.41666667  50.00000000 4 3
571 162.60000000  58.55238095  50.00000000 4 3
572 162.76666667  58.64444444  50.00000000 4 3
573 163.00000000  58.68518519  50.00000000 4 3
574 163.23333333  58.70000001  50.00000000 4 3
575 163.23333334  58.60000000  50.00000000 4 3
576 163.22222222  58.43333333  50.00000000 4 3
577 163.30000000  58.23333334  50.00000000 4 3
578 163.50000000  58.23333334  50.00000000 4 3
579 163.66666667  58.36250000  50.00000000 4 3
580 163.76666667  58.51481481  50.00000000 4 3
581 163.93333333  58.61764706  50.00000000 4 3
582 164.13333333  58.68148148  50.00000000 4 3
583 164.33333333  58.74871795  50.00000000 4 3
584 164.53333333  58.81895425  50.00000000 4 3
585 164.73333333  58.89846154  50.00000000 4 3
586 164.90000000  58.99803922  50.00000000 4 3
587 165.05476190  59.10000000  50.00000000 4 3
588 165.15000000  59.26666667  50.00000000 4 3
589 165.23472222  59.43333333  50.00000000 4 3
590 165.03333333  59.48148148  50.00000000 4 3
591 164.83333333  59.43333332  50.00000000 4 3
592 164.86666665  59.50000000  50.00000000 4 3
593 165.03333333  59.57777778  50.00000000 4 3
594 165.20000000  59.69523810  50.00000000 4 3
595 165.31481481  59.83333333  50.00000000 4 3
596 165.43333333  60.00000000  50.00000000 4 3
597 165.63333333  60.05833333  50.00000000 4 3
598 165.83333333  60.10476190  50.00000000 4 3
599 166.03333333  60.17222222  50.00000000 4 3
600 166.02222222  60.10000000  50.00000000 4 3
601 165.96111111  59.90000000  50.00000000 4 3
602 165.93333333  59.74166667  50.00000000 4 3
603 166.16666667  59.72352941  50.00000000 4 3
604 166.36666667  59.78888889  50.00000000 4 3
605 166.54666667  59.86666667  50.00000000 4 3
606 166.73333333  59.93939394  50.00000000 4 3
607 166.93333333  60.01666667  50.00000000 4 3
608 167.12222222  60.10000000  50.00000000 4 3
609 167.23333333  60.25000000  50.00000000 4 3
610 167.46666667  60.29523810  50.00000000 4 3
611 167.66666667  60.33333334  50.00000000 4 3
612 167.90000000  60.37777778  50.00000000 4 3
613 168.13333333  60.42500000  50.00000000 4 3
614 168.33333333  60.42500000  50.00000000 4 3
615 168.53333333  60.36000000  50.00000000 4 3
616 168.76666667  60.36666667  50.00000000 4 3
617 169.00000000  60.42000000  50.00000000 4 3
618 169.20000000  60.34666667  50.00000000 4 3
619 169.43333333  60.30952381  50.00000000 4 3
620 169.63333333  60.25185185  50.00000000 4 3
621 169.78333333  60.13333333  50.00000000 4 3
622 169.92666667  60.00000000  50.00000000 4 3
623 170.10000000  59.92692308  50.00000000 4 3
624 170.33333333  59.88222222  50.00000000 4 3
625 170.53333333  59.90000000  50.00000000 4 3
626 170.60333333  60.06666667  50.00000000 4 3
627 170.73333333  60.22307692  50.00000000 4 3
628 170.83750000  60.36666667  50.00000000 4 3
629 171.03333333  60.44637681  50.00000000 4 3
630 171.23333333  60.52777778  50.00000000 4 3
631 171.44444444  60.56666667  50.00000000 4 3
632 171.66666666  60.63333333  50.00000000 4 3
633 171.83333333  60.73030303  50.00000000 4 3
634 172.03333333  60.78666667  50.00000000 4 3
635 172.23333333  60.86363636  50.00000000 4 3
636 172.42666667  60.93333333  50.00000000 4 3
637 172.61111111  61.00000000  50.00000000 4 3
638 172.70000000  61.10256410  50.00000000 4 3
639 172.93333333  61.15833333  50.00000000 4 3
640 173.13333333  61.22500000  50.00000000 4 3
641 173.30000000  61.31666667  50.00000000 4 3
642 173.53333333  61.36000000  50.00000000 4 3
643 173.66666667  61.48888889  50.00000000 4 3
644 173.83333333  61.44166667  50.00000000 4 3
645 174.05000000  61.43333333  50.00000000 4 3
646 174.26666663  61.50000000  50.00000000 4 3
647 174.46666665  61.56666667  50.00000000 4 3
648 174.65555556  61.63333333  50.00000000 4 3
649 174.83333333  61.70740741  50.00000000 4 3
650 175.08333333  61.73333333  50.00000000 4 3
651 175.30000000  61.79583333  50.00000000 4 3
652 175.50000000  61.85714286  50.00000000 4 3
653 175.70000000  61.92222222  50.00000000 4 3
