1 -65.61111111 -55.00000000  50.00000000 7 South
2 -65.43333333 -54.95133333  50.00000000 7 South
3 -65.25873016 -54.96666667  50.00000000 7 South
4 -65.06666667 -54.90124611  50.00000000 7 South
5 -64.86984127 -54.90000000  50.00000000 7 South
6 -64.66666667 -54.91294498  50.00000000 7 South
7 -64.46666667 -54.87484277  50.00000000 7 South
8 -64.30000000 -54.81955556  50.00000000 7 South
9 -64.07560976 -54.80000000  50.00000000 7 South
10 -63.86666667 -54.77581699  50.00000000 7 South
11 -63.71909091 -54.70000000  50.00000000 7 South
12 -63.86666667 -54.62000000  50.00000000 7 South
13 -64.06666667 -54.57777778  50.00000000 7 South
14 -64.23333333 -54.56984127  50.00000000 7 South
15 -64.43333333 -54.60444444  50.00000000 7 South
16 -64.66666667 -54.63095238  50.00000000 7 South
17 -64.86666667 -54.64722222  50.00000000 7 South
18 -65.05555556 -54.60000000  50.00000000 7 South
19 -65.20000000 -54.52745098  50.00000000 7 South
20 -65.40000001 -54.50000000  50.00000000 7 South
21 -65.60000000 -54.44871795  50.00000000 7 South
22 -65.80000000 -54.40256410  50.00000000 7 South
23 -65.96666667 -54.36153846  50.00000000 7 South
24 -66.13333333 -54.29523810  50.00000000 7 South
25 -66.31333333 -54.23333333  50.00000000 7 South
26 -66.49166667 -54.16666667  50.00000000 7 South
27 -66.66666667 -54.10303030  50.00000000 7 South
28 -66.80000000 -54.02857143  50.00000000 7 South
29 -66.93333333 -53.91904762  50.00000000 7 South
30 -67.06666667 -53.81904762  50.00000000 7 South
31 -67.20000000 -53.70833333  50.00000000 7 South
32 -67.32222222 -53.60000000  50.00000000 7 South
33 -67.45555556 -53.50000000  50.00000000 7 South
34 -67.56666667 -53.38888889  50.00000000 7 South
35 -67.66000000 -53.23333333  50.00000000 7 South
36 -67.71333333 -53.06666667  50.00000000 7 South
37 -67.83333333 -52.95416667  50.00000000 7 South
38 -67.99166667 -52.96666667  50.00000000 7 South
39 -68.06666667 -52.86666667  50.00000000 7 South
40 -68.16666667 -52.73333333  50.00000000 7 South
41 -68.30000000 -52.63333333  50.00000000 7 South
42 -68.43333334 -52.53333333  50.00000000 7 South
43 -68.53529412 -52.40000000  50.00000000 7 South
44 -68.33333333 -52.38000000  50.00000000 7 South
45 -68.13333334 -52.33333333  50.00000000 7 South
46 -68.16000000 -52.16666667  50.00000000 7 South
47 -68.23888889 -52.03333333  50.00000000 7 South
48 -68.27777778 -51.83333333  50.00000000 7 South
49 -68.33333334 -51.66666667  50.00000000 7 South
50 -68.46666667 -51.56666667  50.00000000 7 South
51 -68.52222222 -51.36666667  50.00000000 7 South
52 -68.60000002 -51.23333333  50.00000000 7 South
53 -68.63333334 -51.03333333  50.00000000 7 South
54 -68.70000000 -50.85000000  50.00000000 7 South
55 -68.72380952 -50.70000000  50.00000000 7 South
56 -68.60000000 -50.59999999  50.00000000 7 South
57 -68.46666667 -50.48888889  50.00000000 7 South
58 -68.35000000 -50.36666667  50.00000000 7 South
59 -68.16666667 -50.31111111  50.00000000 7 South
60 -68.00000003 -50.23333333  50.00000000 7 South
61 -67.89166667 -50.13333333  50.00000000 7 South
62 -67.73333333 -50.05416667  50.00000000 7 South
63 -67.56666667 -49.98888889  50.00000000 7 South
64 -67.40000000 -49.99999998  50.00000000 7 South
65 -67.33333333 -49.83333337  50.00000000 7 South
66 -67.38888889 -49.66666667  50.00000000 7 South
67 -67.41666667 -49.46666667  50.00000000 7 South
68 -67.35555556 -49.30000000  50.00000000 7 South
69 -67.30000000 -49.12500000  50.00000000 7 South
70 -67.16666667 -49.01666667  50.00000000 7 South
71 -67.03333334 -48.90000000  50.00000000 7 South
72 -66.91111111 -48.80000000  50.00000000 7 South
73 -66.73333333 -48.75000000  50.00000000 7 South
74 -66.57777778 -48.66666667  50.00000000 7 South
75 -66.44166667 -48.56666667  50.00000000 7 South
76 -66.30000000 -48.50000000  50.00000000 7 South
77 -66.10000000 -48.43750000  50.00000000 7 South
78 -66.00000000 -48.32000000  50.00000000 7 South
79 -65.83333333 -48.24166667  50.00000000 7 South
80 -65.73333333 -48.10555556  50.00000000 7 South
81 -65.60000000 -48.00833333  50.00000000 7 South
82 -65.46666667 -47.90000000  50.00000000 7 South
83 -65.36666667 -47.78888889  50.00000000 7 South
84 -65.24166667 -47.66666667  50.00000000 7 South
85 -65.15238095 -47.53333333  50.00000000 7 South
86 -65.23333333 -47.37333333  50.00000000 7 South
87 -65.33333333 -47.24583333  50.00000000 7 South
88 -65.42380952 -47.10000000  50.00000000 7 South
89 -65.46333333 -46.90000000  50.00000000 7 South
90 -65.53333334 -46.76666667  50.00000000 7 South
91 -65.70000000 -46.68666667  50.00000000 7 South
92 -65.87333333 -46.73333333  50.00000000 7 South
93 -66.00000000 -46.83809524  50.00000000 7 South
94 -66.18888889 -46.80000000  50.00000000 7 South
95 -66.36666667 -46.76250000  50.00000000 7 South
96 -66.56666667 -46.77500000  50.00000000 7 South
97 -66.76666667 -46.74285714  50.00000000 7 South
98 -66.91666667 -46.66666667  50.00000000 7 South
99 -67.06666667 -46.57083333  50.00000000 7 South
100 -67.21666667 -46.50000000  50.00000000 7 South
101 -67.36000000 -46.40000000  50.00000000 7 South
102 -67.45166667 -46.26666667  50.00000000 7 South
103 -67.49444444 -46.06666667  50.00000000 7 South
104 -67.38666667 -45.93333333  50.00000000 7 South
105 -67.23333333 -45.86250000  50.00000000 7 South
106 -67.23333333 -45.73333333  50.00000000 7 South
107 -67.16666667 -45.58611111  50.00000000 7 South
108 -67.00000001 -45.50000000  50.00000000 7 South
109 -66.86666667 -45.40588235  50.00000000 7 South
110 -66.70000000 -45.34603175  50.00000000 7 South
111 -66.53333333 -45.29500000  50.00000000 7 South
112 -66.36666667 -45.21666667  50.00000000 7 South
113 -66.20000000 -45.14358974  50.00000000 7 South
114 -66.02777778 -45.16666667  50.00000000 7 South
115 -65.83333333 -45.12142857  50.00000000 7 South
116 -65.63333333 -45.09682540  50.00000000 7 South
117 -65.46666667 -45.00740741  50.00000000 7 South
118 -65.33333333 -44.90138889  50.00000000 7 South
119 -65.16666667 -44.84242424  50.00000000 7 South
120 -65.21481481 -44.70000000  50.00000000 7 South
121 -65.16666667 -44.50000000  50.00000000 7 South
122 -65.06666667 -44.39444444  50.00000000 7 South
123 -65.05333333 -44.23333333  50.00000000 7 South
124 -65.04444444 -44.06666667  50.00000000 7 South
125 -65.08333333 -43.86666667  50.00000000 7 South
126 -65.06666668 -43.70000000  50.00000000 7 South
127 -64.93333333 -43.63333332  50.00000000 7 South
128 -64.73333337 -43.56666667  50.00000000 7 South
129 -64.53333337 -43.53333333  50.00000000 7 South
130 -64.40000002 -43.43333333  50.00000000 7 South
131 -64.36666667 -43.26666666  50.00000000 7 South
132 -64.25416667 -43.13333333  50.00000000 7 South
133 -64.13333333 -43.01904762  50.00000000 7 South
134 -63.93333333 -43.04000000  50.00000000 7 South
135 -63.76666667 -42.98666667  50.00000000 7 South
136 -63.63333334 -42.86666667  50.00000000 7 South
137 -63.53703704 -42.73333333  50.00000000 7 South
138 -63.42222222 -42.63333333  50.00000000 7 South
139 -63.28333333 -42.53333333  50.00000000 7 South
140 -63.26666667 -42.31666667  50.00000000 7 South
141 -63.33333333 -42.17142857  50.00000000 7 South
142 -63.49333333 -42.10000000  50.00000000 7 South
143 -63.63333333 -42.00000003  50.00000000 7 South
144 -63.75833333 -42.03333333  50.00000000 7 South
145 -63.93333333 -42.03333334  50.00000000 7 South
146 -64.06666667 -42.01428571  50.00000000 7 South
147 -64.22666667 -42.10000000  50.00000000 7 South
148 -64.36666667 -42.17619048  50.00000000 7 South
149 -64.56666667 -42.20507246  50.00000000 7 South
150 -64.76666667 -42.18859649  50.00000000 7 South
151 -64.92833333 -42.10000000  50.00000000 7 South
152 -65.00000000 -41.96666667  50.00000000 7 South
153 -64.96153846 -41.80000000  50.00000000 7 South
154 -64.93333333 -41.61666667  50.00000000 7 South
155 -64.96666667 -41.41111111  50.00000000 7 South
156 -65.05000000 -41.26666667  50.00000000 7 South
157 -65.10000000 -41.12962963  50.00000000 7 South
158 -65.06666667 -40.93157895  50.00000000 7 South
159 -64.89999999 -40.90000000  50.00000000 7 South
160 -64.70000000 -40.93589744  50.00000000 7 South
161 -64.50000000 -40.98787879  50.00000000 7 South
162 -64.33333333 -41.05000000  50.00000000 7 South
163 -64.18888889 -41.13333333  50.00000000 7 South
164 -64.02000000 -41.20000000  50.00000000 7 South
165 -63.86666666 -41.26666667  50.00000000 7 South
166 -63.70000000 -41.35000000  50.00000000 7 South
167 -63.59999997 -41.46666667  50.00000000 7 South
168 -63.60000000 -41.59999997  50.00000000 7 South
169 -63.36666667 -41.59999997  50.00000000 7 South
170 -63.23333330 -41.66666667  50.00000000 7 South
171 -63.16666663 -41.83333333  50.00000000 7 South
172 -62.96666667 -41.88333333  50.00000000 7 South
173 -62.80000000 -41.83333330  50.00000000 7 South
174 -62.63333330 -41.86666667  50.00000000 7 South
175 -62.43333333 -41.86666663  50.00000000 7 South
176 -62.23333337 -41.80000000  50.00000000 7 South
177 -62.06666667 -41.76666663  50.00000000 7 South
178 -61.90000003 -41.66666667  50.00000000 7 South
179 -61.73333333 -41.63333330  50.00000000 7 South
180 -61.60000000 -41.53333330  50.00000000 7 South
181 -61.43333337 -41.43333333  50.00000000 7 South
182 -61.33333337 -41.30000000  50.00000000 7 South
183 -61.40000003 -41.13333333  50.00000000 7 South
184 -61.26666667 -41.06666663  50.00000000 7 South
185 -61.10000003 -40.96666667  50.00000000 7 South
186 -61.03333337 -40.80000000  50.00000000 7 South
187 -60.93333333 -40.69999997  50.00000000 7 South
188 -60.80000000 -40.59999997  50.00000000 7 South
189 -60.73333337 -40.40000000  50.00000000 7 South
190 -60.63333337 -40.26666667  50.00000000 7 South
191 -60.56666670 -40.10000000  50.00000000 7 South
192 -60.43333337 -40.00000000  50.00000000 7 South
193 -60.33333333 -39.89999997  50.00000000 7 South
194 -60.13333333 -39.86666663  50.00000000 7 South
195 -59.90000003 -39.83333333  50.00000000 7 South
196 -59.80000000 -39.71666667  50.00000000 7 South
197 -59.81666667 -39.53333333  50.00000000 7 South
198 -59.93333337 -39.43333333  50.00000000 7 South
199 -60.06666668 -39.33333333  50.00000000 7 South
200 -59.90000000 -39.29999999  50.00000000 7 South
201 -59.76666667 -39.33333332  50.00000000 7 South
202 -59.60000000 -39.26666665  50.00000000 7 South
203 -59.43333333 -39.19999999  50.00000000 7 South
204 -59.23333333 -39.15000000  50.00000000 7 South
205 -59.06666667 -39.09999997  50.00000000 7 South
206 -59.03333330 -39.00000000  50.00000000 7 South
207 -58.96666667 -39.19999997  50.00000000 7 South
208 -58.83333333 -39.21111111  50.00000000 7 South
209 -58.66666667 -39.15000000  50.00000000 7 South
210 -58.60000003 -38.96666667  50.00000000 7 South
211 -58.70000001 -38.83333333  50.00000000 7 South
212 -58.56666667 -38.75000000  50.00000000 7 South
213 -58.33333333 -38.75000000  50.00000000 7 South
214 -58.16666667 -38.68333333  50.00000000 7 South
215 -58.10000000 -38.53333333  50.00000000 7 South
216 -57.96666667 -38.55555556  50.00000000 7 South
217 -57.80000000 -38.49999999  50.00000000 7 South
218 -57.63333333 -38.43333332  50.00000000 7 South
219 -57.46666667 -38.35555556  50.00000000 7 South
220 -57.30000000 -38.29999999  50.00000000 7 South
221 -57.13333333 -38.21111111  50.00000000 7 South
222 -57.00000002 -38.10000000  50.00000000 7 South
223 -56.90000000 -37.99999998  50.00000000 7 South
224 -56.76666667 -37.88333333  50.00000000 7 South
225 -56.65833333 -37.76666667  50.00000000 7 South
226 -56.53333333 -37.65555556  50.00000000 7 South
227 -56.43333333 -37.52222222  50.00000000 7 South
228 -56.26666667 -37.45714286  50.00000000 7 South
229 -56.13333333 -37.36666666  50.00000000 7 South
230 -56.01111111 -37.23333333  50.00000000 7 South
231 -55.86666667 -37.14166667  50.00000000 7 South
232 -55.73333333 -37.06666666  50.00000000 7 South
233 -55.56666668 -36.96666667  50.00000000 7 South
234 -55.43333335 -36.86666667  50.00000000 7 South
235 -55.30000000 -36.78333333  50.00000000 7 South
236 -55.16666667 -36.68333333  50.00000000 7 South
237 -55.05000000 -36.56666667  50.00000000 7 South
238 -54.93333333 -36.46666663  50.00000000 7 South
239 -54.80000000 -36.36666663  50.00000000 7 South
240 -54.66666667 -36.26666663  50.00000000 7 South
241 -54.56666667 -36.13333330  50.00000000 7 South
242 -54.46666667 -35.99999997  50.00000000 6 Mid
243 -54.35000000 -35.86666667  50.00000000 6 Mid
244 -54.20000002 -35.76666667  50.00000000 6 Mid
245 -54.06666667 -35.69999998  50.00000000 6 Mid
246 -53.93333333 -35.59999998  50.00000000 6 Mid
247 -53.80000000 -35.48333333  50.00000000 6 Mid
248 -53.66666667 -35.38333333  50.00000000 6 Mid
249 -53.53333333 -35.28333333  50.00000000 6 Mid
250 -53.36666667 -35.21666667  50.00000000 6 Mid
251 -53.23333333 -35.11666667  50.00000000 6 Mid
252 -53.06666667 -35.06666663  50.00000000 6 Mid
253 -52.91666667 -34.96666667  50.00000000 6 Mid
254 -52.96666667 -34.76666670  50.00000000 6 Mid
255 -53.13333330 -34.80000000  50.00000000 6 Mid
256 -53.30000000 -34.76666670  50.00000000 6 Mid
257 -53.46666667 -34.83333335  50.00000000 6 Mid
258 -53.66666667 -34.86666668  50.00000000 6 Mid
259 -53.80000003 -34.86666667  50.00000000 6 Mid
260 -53.83333333 -34.75833333  50.00000000 6 Mid
261 -53.66666667 -34.76666663  50.00000000 6 Mid
262 -53.46666667 -34.73333330  50.00000000 6 Mid
263 -53.33333337 -34.60000000  50.00000000 6 Mid
264 -53.20000003 -34.50000000  50.00000000 6 Mid
265 -53.13333333 -34.36666666  50.00000000 6 Mid
266 -53.00000002 -34.23333333  50.00000000 6 Mid
267 -52.90000000 -34.13333333  50.00000000 6 Mid
268 -52.76666667 -34.16666663  50.00000000 6 Mid
269 -52.63333335 -34.03333333  50.00000000 6 Mid
270 -52.53333333 -33.99999997  50.00000000 6 Mid
271 -52.43333330 -34.10000000  50.00000000 6 Mid
272 -52.28333333 -34.10000000  50.00000000 6 Mid
273 -52.20000000 -33.96666663  50.00000000 6 Mid
274 -52.03333337 -33.86666667  50.00000000 6 Mid
275 -51.93333333 -33.76666663  50.00000000 6 Mid
276 -51.83333337 -33.60000000  50.00000000 6 Mid
277 -52.00000000 -33.63333337  50.00000000 6 Mid
278 -52.13333330 -33.76666667  50.00000000 6 Mid
279 -52.20000000 -33.90000003  50.00000000 6 Mid
280 -52.36666667 -33.90000003  50.00000000 6 Mid
281 -52.36666667 -33.78333333  50.00000000 6 Mid
282 -52.27333333 -33.63333333  50.00000000 6 Mid
283 -52.18333333 -33.50000000  50.00000000 6 Mid
284 -52.10000000 -33.36666663  50.00000000 6 Mid
285 -51.98333333 -33.23333333  50.00000000 6 Mid
286 -51.86666668 -33.10000000  50.00000000 6 Mid
287 -51.76666668 -32.96666667  50.00000000 6 Mid
288 -51.66666667 -32.86666665  50.00000000 6 Mid
289 -51.53333337 -32.73333333  50.00000000 6 Mid
290 -51.51666667 -32.60000000  50.00000000 6 Mid
291 -51.45000000 -32.43333333  50.00000000 6 Mid
292 -51.36666667 -32.28888889  50.00000000 6 Mid
293 -51.28000000 -32.13333333  50.00000000 6 Mid
294 -51.17619048 -32.00000000  50.00000000 6 Mid
295 -51.07777778 -31.86666667  50.00000000 6 Mid
296 -50.98888889 -31.73333333  50.00000000 6 Mid
297 -50.90000000 -31.59999999  50.00000000 6 Mid
298 -50.80000001 -31.43333333  50.00000000 6 Mid
299 -50.70000000 -31.31904762  50.00000000 6 Mid
300 -50.60000000 -31.19999999  50.00000000 6 Mid
301 -50.48888889 -31.06666667  50.00000000 6 Mid
302 -50.38000000 -30.93333333  50.00000000 6 Mid
303 -50.26666667 -30.80000000  50.00000000 6 Mid
304 -50.16666667 -30.69999999  50.00000000 6 Mid
305 -50.04444444 -30.56666667  50.00000000 6 Mid
306 -49.94166667 -30.43333333  50.00000000 6 Mid
307 -49.84444444 -30.30000000  50.00000000 6 Mid
308 -49.75833333 -30.16666667  50.00000000 6 Mid
309 -49.68888889 -30.00000000  50.00000000 6 Mid
310 -49.60000000 -29.86666663  50.00000000 6 Mid
311 -49.50000000 -29.73333330  50.00000000 6 Mid
312 -49.40000002 -29.56666667  50.00000000 6 Mid
313 -49.31111111 -29.43333333  50.00000000 6 Mid
314 -49.21666667 -29.30000000  50.00000000 6 Mid
315 -49.10000000 -29.19999997  50.00000000 6 Mid
316 -49.03333337 -29.00000000  50.00000000 6 Mid
317 -48.93333337 -28.86666667  50.00000000 6 Mid
318 -48.83333333 -28.75000000  50.00000000 6 Mid
319 -48.73333334 -28.60000000  50.00000000 6 Mid
320 -48.63333333 -28.47500000  50.00000000 6 Mid
321 -48.56666667 -28.32000000  50.00000000 6 Mid
322 -48.50555556 -28.13333333  50.00000000 6 Mid
323 -48.43333333 -27.99333333  50.00000000 6 Mid
324 -48.36666667 -27.87777778  50.00000000 6 Mid
325 -48.30666667 -27.76666667  50.00000000 6 Mid
326 -48.26666667 -27.61666667  50.00000000 6 Mid
327 -48.23333334 -27.43333333  50.00000000 6 Mid
328 -48.23555556 -27.26666667  50.00000000 6 Mid
329 -48.26666667 -27.06666667  50.00000000 6 Mid
330 -48.26666668 -26.90000000  50.00000000 6 Mid
331 -48.23333334 -26.70000000  50.00000000 6 Mid
332 -48.10000003 -26.60000000  50.00000000 6 Mid
333 -48.05000000 -26.43333333  50.00000000 6 Mid
334 -48.00000002 -26.23333333  50.00000000 6 Mid
335 -47.90000003 -26.10000000  50.00000000 6 Mid
336 -47.76666667 -26.03333330  50.00000000 6 Mid
337 -47.68333333 -25.86666667  50.00000000 6 Mid
338 -47.56666667 -25.76666665  50.00000000 6 Mid
339 -47.43333335 -25.63333333  50.00000000 6 Mid
340 -47.33333333 -25.51666667  50.00000000 6 Mid
341 -47.23333333 -25.39999998  50.00000000 6 Mid
342 -47.10000000 -25.28333333  50.00000000 6 Mid
343 -47.00000003 -25.13333333  50.00000000 6 Mid
344 -46.86666667 -25.06666663  50.00000000 6 Mid
345 -46.70000002 -24.96666667  50.00000000 6 Mid
346 -46.60000000 -24.86666663  50.00000000 6 Mid
347 -46.46666670 -24.73333333  50.00000000 6 Mid
348 -46.31666667 -24.66666667  50.00000000 6 Mid
349 -46.17777778 -24.56666667  50.00000000 6 Mid
350 -46.06666667 -24.44444444  50.00000000 6 Mid
351 -45.95000000 -24.33333333  50.00000000 6 Mid
352 -45.76666667 -24.28000000  50.00000000 6 Mid
353 -45.60000000 -24.22666667  50.00000000 6 Mid
354 -45.44444444 -24.13333333  50.00000000 6 Mid
355 -45.30000000 -24.06111111  50.00000000 6 Mid
356 -45.16666667 -23.96222222  50.00000000 6 Mid
357 -45.01111111 -23.86666667  50.00000000 6 Mid
358 -44.88888889 -23.76666667  50.00000000 6 Mid
359 -44.76666667 -23.64166667  50.00000000 6 Mid
360 -44.66666667 -23.53111111  50.00000000 6 Mid
361 -44.46666667 -23.49583333  50.00000000 6 Mid
362 -44.27500000 -23.43333333  50.00000000 6 Mid
363 -44.13333333 -23.34285714  50.00000000 6 Mid
364 -43.96666667 -23.27142857  50.00000000 6 Mid
365 -43.80000000 -23.22857143  50.00000000 6 Mid
366 -43.60000000 -23.20000000  50.00000000 6 Mid
367 -43.45000000 -23.16666667  50.00000000 6 Mid
368 -43.30000000 -23.13703704  50.00000000 6 Mid
369 -43.10000000 -23.11282051  50.00000000 6 Mid
370 -42.93333333 -23.06129032  50.00000000 6 Mid
371 -42.73333333 -23.03148148  50.00000000 6 Mid
372 -42.53333333 -22.99027778  50.00000000 6 Mid
373 -42.30000000 -22.98952381  50.00000000 6 Mid
374 -42.06666667 -22.99710145  50.00000000 6 Mid
375 -41.93333333 -22.95000000  50.00000000 6 Mid
376 -41.80000000 -22.83333333  50.00000000 6 Mid
377 -41.70000000 -22.70952381  50.00000000 6 Mid
378 -41.53333335 -22.63333333  50.00000000 6 Mid
379 -41.36666667 -22.58888889  50.00000000 6 Mid
380 -41.21666667 -22.50000000  50.00000000 6 Mid
381 -41.10000000 -22.39999999  50.00000000 6 Mid
382 -40.94444444 -22.30000000  50.00000000 6 Mid
383 -40.83333333 -22.18000000  50.00000000 6 Mid
384 -40.67500000 -22.10000000  50.00000000 6 Mid
385 -40.53333333 -22.02666667  50.00000000 6 Mid
386 -40.39333333 -21.93333333  50.00000000 6 Mid
387 -40.30000000 -21.77777778  50.00000000 6 Mid
388 -40.26547619 -21.60000000  50.00000000 6 Mid
389 -40.29956140 -21.46666667  50.00000000 3 AmSE
390 -40.32413793 -21.33333333  50.00000000 3 AmSE
391 -40.36074074 -21.20000000  50.00000000 3 AmSE
392 -40.30000000 -21.06666667  50.00000000 3 AmSE
393 -40.22758621 -20.93333333  50.00000000 3 AmSE
394 -40.11666667 -20.80000000  50.00000000 3 AmSE
395 -40.08750000 -20.66666667  50.00000000 3 AmSE
396 -40.04444444 -20.53333333  50.00000000 3 AmSE
397 -39.98666667 -20.36666667  50.00000000 3 AmSE
398 -39.86666667 -20.23466667  50.00000000 3 AmSE
399 -39.89999997 -20.16666667  50.00000000 3 AmSE
400 -39.85964912 -20.06666667  50.00000000 3 AmSE
401 -39.80000000 -19.89999999  50.00000000 3 AmSE
402 -39.63333334 -19.80000000  50.00000000 3 AmSE
403 -39.53333333 -19.69000000  50.00000000 3 AmSE
404 -39.43809524 -19.53333333  50.00000000 3 AmSE
405 -39.26666670 -19.46666667  50.00000000 3 AmSE
406 -39.10000000 -19.42222222  50.00000000 3 AmSE
407 -38.96666668 -19.30000000  50.00000000 3 AmSE
408 -38.96666668 -19.13333333  50.00000000 3 AmSE
409 -38.90000003 -18.96666667  50.00000000 3 AmSE
410 -38.90000000 -18.76666670  50.00000000 3 AmSE
411 -38.93333337 -18.66666667  50.00000000 3 AmSE
412 -38.83333333 -18.56666665  50.00000000 3 AmSE
413 -38.66666667 -18.56666663  50.00000000 3 AmSE
414 -38.53333333 -18.53333330  50.00000000 3 AmSE
415 -38.43333333 -18.65000000  50.00000000 3 AmSE
416 -38.36111111 -18.80000000  50.00000000 3 AmSE
417 -38.40000000 -18.96666667  50.00000000 3 AmSE
418 -38.46666667 -19.13333330  50.00000000 3 AmSE
419 -38.40000000 -19.23333335  50.00000000 3 AmSE
420 -38.36666665 -19.33333333  50.00000000 3 AmSE
421 -38.26666667 -19.34523810  50.00000000 3 AmSE
422 -38.15376344 -19.23333333  50.00000000 3 AmSE
423 -38.13809524 -19.06666667  50.00000000 3 AmSE
424 -38.07500000 -18.90000000  50.00000000 3 AmSE
425 -37.96666667 -18.77083333  50.00000000 3 AmSE
426 -38.03888889 -18.66666667  50.00000000 3 AmSE
427 -38.10000000 -18.47777778  50.00000000 3 AmSE
428 -38.11111111 -18.26666667  50.00000000 3 AmSE
429 -38.10000000 -18.06666665  50.00000000 3 AmSE
430 -38.00555556 -17.90000000  50.00000000 3 AmSE
431 -37.88333333 -17.80000000  50.00000000 3 AmSE
432 -38.00000000 -17.69655172  50.00000000 3 AmSE
433 -38.14444444 -17.60000000  50.00000000 3 AmSE
434 -38.31969697 -17.53333333  50.00000000 3 AmSE
435 -38.45350877 -17.43333333  50.00000000 3 AmSE
436 -38.57000000 -17.33333333  50.00000000 3 AmSE
437 -38.68095238 -17.20000000  50.00000000 3 AmSE
438 -38.72807018 -17.00000000  50.00000000 3 AmSE
439 -38.76091954 -16.80000000  50.00000000 3 AmSE
440 -38.70000000 -16.60370370  50.00000000 3 AmSE
441 -38.60625000 -16.46666667  50.00000000 3 AmSE
442 -38.50000000 -16.33412699  50.00000000 3 AmSE
443 -38.35925926 -16.26666667  50.00000000 3 AmSE
444 -38.13333334 -16.23333333  50.00000000 3 AmSE
445 -38.06666668 -16.06666667  50.00000000 3 AmSE
446 -38.03809524 -16.10000000  50.00000000 3 AmSE
447 -38.00000000 -15.99595960  50.00000000 3 AmSE
448 -38.20000000 -15.95977012  50.00000000 3 AmSE
449 -38.36666667 -15.96424242  50.00000000 3 AmSE
450 -38.56666667 -15.93153153  50.00000000 3 AmSE
451 -38.70000000 -15.83333333  50.00000000 3 AmSE
452 -38.76573209 -15.70000000  50.00000000 3 AmSE
453 -38.73333333 -15.51025641  50.00000000 3 AmSE
454 -38.73333333 -15.36225490  50.00000000 3 AmSE
455 -38.83040936 -15.20000000  50.00000000 3 AmSE
456 -38.86360544 -15.00000000  50.00000000 3 AmSE
457 -38.92886406 -14.83333333  50.00000000 3 AmSE
458 -38.95208333 -14.63333333  50.00000000 3 AmSE
459 -38.93238636 -14.43333333  50.00000000 3 AmSE
460 -38.93183521 -14.26666667  50.00000000 3 AmSE
461 -38.88888889 -14.06666667  50.00000000 3 AmSE
462 -38.83333333 -13.91666667  50.00000000 3 AmSE
463 -38.79356725 -13.76666667  50.00000000 3 AmSE
464 -38.82077295 -13.63333333  50.00000000 3 AmSE
465 -38.79404762 -13.43333333  50.00000000 3 AmSE
466 -38.74166667 -13.30000000  50.00000000 3 AmSE
467 -38.62695036 -13.20000000  50.00000000 3 AmSE
468 -38.60555556 -13.03333333  50.00000000 3 AmSE
469 -38.43333333 -13.05701754  50.00000000 3 AmSE
470 -38.26666667 -12.97261905  50.00000000 3 AmSE
471 -38.14888889 -12.86666667  50.00000000 3 AmSE
472 -38.03333333 -12.75175439  50.00000000 3 AmSE
473 -37.96555555 -12.60000000  50.00000000 3 AmSE
474 -37.83333333 -12.47217391  50.00000000 3 AmSE
475 -37.73333333 -12.36000000  50.00000000 3 AmSE
476 -37.62840237 -12.23333333  50.00000000 3 AmSE
477 -37.53333333 -12.08218391  50.00000000 3 AmSE
478 -37.45568182 -11.93333333  50.00000000 3 AmSE
479 -37.36666667 -11.79876543  50.00000000 3 AmSE
480 -37.29315315 -11.63333333  50.00000000 3 AmSE
481 -37.24787879 -11.50000000  50.00000000 3 AmSE
482 -37.12959770 -11.40000000  50.00000000 3 AmSE
483 -37.03333333 -11.24119241  50.00000000 3 AmSE
484 -36.91250000 -11.13333333  50.00000000 3 AmSE
485 -36.83333333 -11.02380952  50.00000000 3 AmSE
486 -36.82807018 -10.90000000  50.00000000 3 AmSE
487 -36.66666667 -10.93497268  50.00000000 3 AmSE
488 -36.56666667 -10.86854083  50.00000000 3 AmSE
489 -36.44444444 -10.76666667  50.00000000 3 AmSE
490 -36.36302083 -10.63333333  50.00000000 3 AmSE
491 -36.18492063 -10.56666667  50.00000000 3 AmSE
492 -36.09448124 -10.43333333  50.00000000 3 AmSE
493 -35.99425287 -10.30000000  50.00000000 3 AmSE
494 -35.92657658 -10.13333333  50.00000000 3 AmSE
495 -35.76666667 -10.04424242  50.00000000 3 AmSE
496 -35.66666667  -9.92121212  50.00000000 3 AmSE
497 -35.53333333  -9.88333333  50.00000000 3 AmSE
498 -35.41666667  -9.76666667  50.00000000 3 AmSE
499 -35.30000000  -9.65789474  50.00000000 3 AmSE
500 -35.19655914  -9.53333333  50.00000000 3 AmSE
501 -35.09558824  -9.40000000  50.00000000 3 AmSE
502 -35.02727273  -9.23333333  50.00000000 3 AmSE
503 -34.94222222  -9.06666667  50.00000000 3 AmSE
504 -34.85814815  -8.93333333  50.00000000 3 AmSE
505 -34.85493827  -8.76666667  50.00000000 3 AmSE
506 -34.76666667  -8.60202899  50.00000000 3 AmSE
507 -34.73262411  -8.43333333  50.00000000 3 AmSE
508 -34.70000000  -8.28253968  50.00000000 3 AmSE
509 -34.59179487  -8.16666667  50.00000000 3 AmSE
510 -34.63777778  -8.00000000  50.00000000 3 AmSE
511 -34.61515152  -7.80000000  50.00000000 3 AmSE
512 -34.53244445  -7.66666667  50.00000000 3 AmSE
513 -34.52549020  -7.50000000  50.00000000 3 AmSE
514 -34.58974359  -7.33333333  50.00000000 3 AmSE
515 -34.56531532  -7.20000000  50.00000000 3 AmSE
516 -34.63333333  -7.06242424  50.00000000 3 AmSE
517 -34.73333333  -6.92873563  50.00000000 3 AmSE
518 -34.77450980  -6.73333333  50.00000000 3 AmSE
519 -34.84393939  -6.56666667  50.00000000 3 AmSE
520 -34.89146341  -6.36666667  50.00000000 3 AmSE
521 -34.95128205  -6.20000000  50.00000000 3 AmSE
522 -35.00000000  -6.02254902  50.00000000 3 AmSE
523 -35.06666667  -5.83787879  50.00000000 3 AmSE
524 -35.13083779  -5.66666667  50.00000000 3 AmSE
525 -35.09563492  -5.46666667  50.00000000 3 AmSE
526 -35.08837209  -5.23333333  50.00000000 3 AmSE
527 -35.11166667  -5.03333333  50.00000000 3 AmSE
528 -35.19242424  -4.86666667  50.00000000 3 AmSE
529 -35.36666667  -4.80277778  50.00000000 3 AmSE
530 -35.56666667  -4.78636364  50.00000000 3 AmSE
531 -35.73333333  -4.79814815  50.00000000 3 AmSE
532 -35.90000000  -4.85256410  50.00000000 3 AmSE
533 -36.12857143  -4.86666667  50.00000000 3 AmSE
534 -36.30000000  -4.83333333  50.00000000 3 AmSE
535 -36.43333333  -4.76497890  50.00000000 3 AmSE
536 -36.63333333  -4.72485876  50.00000000 3 AmSE
537 -36.81428571  -4.66666667  50.00000000 3 AmSE
538 -36.96666667  -4.57735849  50.00000000 3 AmSE
539 -37.11111111  -4.50000000  50.00000000 3 AmSE
540 -37.23333333  -4.37777778  50.00000000 3 AmSE
541 -37.30476190  -4.23333333  50.00000000 3 AmSE
542 -37.43333333  -4.12323232  50.00000000 3 AmSE
