1 129.86666667   0.37723577  50.00000000 3 Australia
2 130.01228070   0.23333333  50.00000000 3 Australia
3 130.11032864   0.10000000  50.00000000 3 Australia
4 130.30000000   0.05833333  50.00000000 3 Australia
5 130.53333333   0.11000000  50.00000000 3 Australia
6 130.65714286  -0.03333333  50.00000000 3 Australia
7 130.83333333   0.02317073  50.00000000 3 Australia
8 131.00000000   0.02380952  50.00000000 3 Australia
9 131.19057971  -0.10000000  50.00000000 3 Australia
10 131.33333333  -0.24113475  50.00000000 3 Australia
11 131.33333333  -0.33151515  50.00000000 3 Australia
12 131.17412935  -0.36666667  50.00000000 3 Australia
13 130.94969697  -0.40000000  50.00000000 3 Australia
14 130.73676471  -0.50000000  50.00000000 3 Australia
15 130.63197279  -0.66666667  50.00000000 3 Australia
16 130.76190476  -0.73333333  50.00000000 3 Australia
17 130.90000000  -0.73225806  50.00000000 3 Australia
18 130.90000000  -0.83976608  50.00000000 3 Australia
19 130.93333333  -0.89680556  50.00000000 3 Australia
20 131.10555556  -0.90000000  50.00000000 3 Australia
21 131.30000000  -0.79859013  50.00000000 3 Australia
22 131.53333333  -0.72590975  50.00000000 3 Australia
23 131.73333333  -0.69333333  50.00000000 3 Australia
24 131.93333333  -0.57385621  50.00000000 3 Australia
25 132.10000000  -0.44705882  50.00000000 3 Australia
26 132.21574074  -0.36666667  50.00000000 3 Australia
27 132.43333333  -0.32769726  50.00000000 3 Australia
28 132.70000000  -0.35508560  50.00000000 3 Australia
29 132.90000000  -0.43503326  50.00000000 3 Australia
30 133.13333333  -0.53165468  50.00000000 3 Australia
31 133.30000000  -0.63614164  50.00000000 3 Australia
32 133.53333333  -0.73315412  50.00000000 3 Australia
33 133.83333333  -0.73333333  50.00000000 3 Australia
34 134.01280193  -0.76666667  50.00000000 3 Australia
35 134.11255411  -0.90000000  50.00000000 3 Australia
36 134.05152330  -1.00000000  50.00000000 3 Australia
37 134.16666667  -1.18676617  50.00000000 3 Australia
38 134.26666667  -1.35226667  50.00000000 3 Australia
39 134.19692982  -1.56666667  50.00000000 3 Australia
40 134.12834646  -1.73333333  50.00000000 3 Australia
41 134.21682848  -1.80000000  50.00000000 3 Australia
42 134.14695652  -2.03333333  50.00000000 3 Australia
43 134.16666667  -2.30630011  50.00000000 3 Australia
44 134.30000000  -2.47632850  50.00000000 3 Australia
45 134.45886525  -2.53333333  50.00000000 3 Australia
46 134.50000000  -2.29612403  50.00000000 3 Australia
47 134.60000000  -2.47507645  50.00000000 3 Australia
48 134.65763748  -2.73333333  50.00000000 3 Australia
49 134.73333333  -2.94827586  50.00000000 3 Australia
50 134.86260575  -3.00000000  50.00000000 3 Australia
51 134.96666667  -3.16666667  50.00000000 3 Australia
52 135.06666667  -3.32321429  50.00000000 3 Australia
53 135.30000000  -3.38023599  50.00000000 3 Australia
54 135.53333333  -3.31385768  50.00000000 3 Australia
55 135.66666667  -3.14540682  50.00000000 3 Australia
56 135.76666667  -2.97319820  50.00000000 3 Australia
57 135.83333333  -2.91851852  50.00000000 3 Australia
58 135.96666667  -2.75784314  50.00000000 3 Australia
59 136.14476190  -2.63333333  50.00000000 3 Australia
60 136.26666667  -2.45059524  50.00000000 3 Australia
61 136.26666667  -2.21260163  50.00000000 3 Australia
62 136.36825397  -2.03333333  50.00000000 3 Australia
63 136.20000000  -1.90364964  50.00000000 3 Australia
64 135.98947369  -1.90000000  50.00000000 3 Australia
65 135.82681159  -1.86666667  50.00000000 3 Australia
66 135.66666667  -1.74062500  50.00000000 3 Australia
67 135.45991820  -1.66666667  50.00000000 3 Australia
68 135.56666667  -1.60882568  50.00000000 3 Australia
69 135.86666667  -1.62619048  50.00000000 3 Australia
70 136.13333333  -1.64358438  50.00000000 3 Australia
71 136.36666667  -1.70289017  50.00000000 3 Australia
72 136.60000000  -1.72321839  50.00000000 3 Australia
73 136.86666667  -1.68472222  50.00000000 3 Australia
74 137.03333333  -1.55833333  50.00000000 3 Australia
75 137.22500000  -1.46666667  50.00000000 3 Australia
76 137.46666667  -1.50666667  50.00000000 3 Australia
77 137.68000000  -1.43333333  50.00000000 3 Australia
78 137.93333333  -1.46293333  50.00000000 3 Australia
79 138.13333333  -1.54400000  50.00000000 3 Australia
80 138.36666667  -1.60833333  50.00000000 3 Australia
81 138.56666667  -1.72727273  50.00000000 3 Australia
82 138.74074074  -1.83333333  50.00000000 3 Australia
83 138.93333333  -1.96020942  50.00000000 3 Australia
84 139.13333333  -1.93184080  50.00000000 3 Australia
85 139.30000000  -2.06666667  50.00000000 3 Australia
86 139.47371795  -2.10000000  50.00000000 3 Australia
87 139.62316384  -2.26666667  50.00000000 3 Australia
88 139.83333333  -2.36095238  50.00000000 3 Australia
89 140.06666667  -2.33888889  50.00000000 3 Australia
90 140.23333333  -2.40681606  50.00000000 3 Australia
91 140.52698413  -2.43333333  50.00000000 3 Australia
92 140.73214612  -2.53333333  50.00000000 3 Australia
93 140.93333333  -2.62165899  50.00000000 3 Australia
94 141.20000000  -2.63983122  50.00000000 3 Australia
95 141.40000000  -2.73333333  50.00000000 3 Australia
96 141.62741936  -2.83333333  50.00000000 3 Australia
97 141.83333333  -2.91524823  50.00000000 3 Australia
98 142.06666667  -2.99740260  50.00000000 3 Australia
99 142.26666667  -3.09147727  50.00000000 3 Australia
100 142.50000000  -3.15617977  50.00000000 3 Australia
101 142.70000000  -3.26134969  50.00000000 3 Australia
102 142.93333333  -3.33021346  50.00000000 3 Australia
103 143.20000000  -3.36240741  50.00000000 3 Australia
104 143.46551724  -3.36666667  50.00000000 3 Australia
105 143.61562500  -3.40000000  50.00000000 3 Australia
106 143.70000000  -3.54460784  50.00000000 3 Australia
107 143.88888889  -3.66666667  50.00000000 3 Australia
108 144.10000000  -3.67956989  50.00000000 3 Australia
109 144.35809524  -3.73333333  50.00000000 3 Australia
110 144.56666667  -3.83060109  50.00000000 3 Australia
111 144.70000000  -3.98750000  50.00000000 3 Australia
112 144.86666667  -4.11220657  50.00000000 3 Australia
113 145.00166667  -4.26666667  50.00000000 3 Australia
114 145.20000000  -4.36707317  50.00000000 3 Australia
115 145.39591837  -4.43333333  50.00000000 3 Australia
116 145.53360107  -4.56666667  50.00000000 3 Australia
117 145.68529412  -4.73333333  50.00000000 3 Australia
118 145.80251572  -4.90000000  50.00000000 3 Australia
119 145.83582090  -5.10000000  50.00000000 3 Australia
120 145.77167449  -5.33333333  50.00000000 3 Australia
121 145.83333333  -5.46442577  50.00000000 3 Australia
122 146.03333333  -5.49485380  50.00000000 3 Australia
123 146.26666667  -5.56470588  50.00000000 3 Australia
124 146.49496855  -5.63333333  50.00000000 3 Australia
125 146.66666667  -5.74933333  50.00000000 3 Australia
126 146.88782051  -5.83333333  50.00000000 3 Australia
127 147.10000000  -5.93248408  50.00000000 3 Australia
128 147.33333333  -5.92800789  50.00000000 3 Australia
129 147.53333333  -6.01527778  50.00000000 3 Australia
130 147.67265469  -6.16666667  50.00000000 3 Australia
131 147.82419355  -6.33333333  50.00000000 3 Australia
132 147.86458333  -6.53333333  50.00000000 3 Australia
133 147.80833333  -6.73333333  50.00000000 3 Australia
134 147.60897436  -6.76666667  50.00000000 3 Australia
135 147.36666667  -6.75507246  50.00000000 3 Australia
136 147.16153846  -6.73333333  50.00000000 3 Australia
137 146.97777778  -6.83333333  50.00000000 3 Australia
138 147.10468750  -7.00000000  50.00000000 3 Australia
139 147.17419355  -7.23333333  50.00000000 3 Australia
140 147.33333333  -7.39063670  50.00000000 3 Australia
141 147.47398374  -7.53333333  50.00000000 3 Australia
142 147.65365854  -7.66666667  50.00000000 3 Australia
143 147.79444444  -7.80000000  50.00000000 3 Australia
144 147.93333333  -7.92209738  50.00000000 3 Australia
145 148.13333333  -8.02222222  50.00000000 3 Australia
146 148.23086420  -8.23333333  50.00000000 3 Australia
147 148.40000000  -8.35333333  50.00000000 3 Australia
148 148.51666667  -8.53333333  50.00000000 3 Australia
149 148.60000000  -8.76060606  50.00000000 3 Australia
150 148.63333333  -8.94444444  50.00000000 3 Australia
151 148.86666667  -9.01666667  50.00000000 3 Australia
152 149.13333333  -8.97066667  50.00000000 3 Australia
153 149.35751634  -9.06666667  50.00000000 3 Australia
154 149.33333333  -9.31666667  50.00000000 3 Australia
155 149.50000000  -9.43809524  50.00000000 3 Australia
156 149.71234568  -9.53333333  50.00000000 3 Australia
157 149.93333333  -9.60833333  50.00000000 3 Australia
158 150.06666667  -9.73584906  50.00000000 3 Australia
159 149.83333333  -9.80720721  50.00000000 3 Australia
160 149.83333333  -9.94492754  50.00000000 3 Australia
161 150.02962963 -10.06666667  50.00000000 3 Australia
162 150.23633763 -10.13333333  50.00000000 3 Australia
163 150.46666667 -10.20191388  50.00000000 3 Australia
164 150.73333333 -10.25185185  50.00000000 3 Australia
165 150.96666667 -10.25170940  50.00000000 3 Australia
166 150.90000000 -10.30714286  50.00000000 3 Australia
167 150.70000000 -10.33803763  50.00000000 3 Australia
168 150.43333333 -10.31714534  50.00000000 3 Australia
169 150.50657895 -10.43333333  50.00000000 3 Australia
170 150.70000000 -10.54035088  50.00000000 3 Australia
171 150.93809524 -10.53333333  50.00000000 3 Australia
172 151.20000000 -10.53238095  50.00000000 3 Australia
173 151.33333333 -10.42726046  50.00000000 3 Australia
174 151.47054264 -10.43333333  50.00000000 3 Australia
175 151.50000000 -10.62333333  50.00000000 3 Australia
176 151.28717949 -10.70000000  50.00000000 3 Australia
177 151.20000000 -10.72222222  50.00000000 3 Australia
178 151.00279070 -10.76666667  50.00000000 3 Australia
179 151.12068965 -10.96666667  50.00000000 3 Australia
180 151.30000000 -11.02953586  50.00000000 3 Australia
181 151.54113924 -11.06666667  50.00000000 3 Australia
182 151.43333333 -11.17794872  50.00000000 3 Australia
183 151.16666667 -11.14015152  50.00000000 3 Australia
184 150.96666667 -11.03789308  50.00000000 3 Australia
185 150.73333333 -10.96912145  50.00000000 3 Australia
186 150.53333333 -10.87598344  50.00000000 3 Australia
187 150.30000000 -10.81394558  50.00000000 3 Australia
188 150.06666667 -10.74748428  50.00000000 3 Australia
189 149.90000000 -10.63255814  50.00000000 3 Australia
190 149.70000000 -10.52111111  50.00000000 3 Australia
191 149.46666667 -10.44428224  50.00000000 3 Australia
192 149.26666667 -10.36666667  50.00000000 3 Australia
193 149.06666667 -10.30347490  50.00000000 3 Australia
194 148.76666667 -10.30358650  50.00000000 3 Australia
195 148.52666667 -10.30000000  50.00000000 3 Australia
196 148.30000000 -10.30256410  50.00000000 3 Australia
197 148.10000000 -10.20249042  50.00000000 3 Australia
198 147.90000000 -10.12857143  50.00000000 3 Australia
199 147.65807771 -10.06666667  50.00000000 3 Australia
200 147.49344978  -9.93333333  50.00000000 3 Australia
201 147.40000000  -9.70354610  50.00000000 3 Australia
202 147.26666667  -9.56666667  50.00000000 3 Australia
203 147.04814815  -9.53333333  50.00000000 3 Australia
204 146.92098766  -9.36666667  50.00000000 7 AustrNW
205 146.79444444  -9.20000000  50.00000000 7 AustrNW
206 146.60000000  -9.09545455  50.00000000 7 AustrNW
207 146.47500000  -8.90000000  50.00000000 7 AustrNW
208 146.36419753  -8.73333333  50.00000000 7 AustrNW
209 146.25500000  -8.53333333  50.00000000 7 AustrNW
210 146.13333334  -8.40000000  50.00000000 7 AustrNW
211 145.93333337  -8.30000000  50.00000000 7 AustrNW
212 145.71111111  -8.23333333  50.00000000 7 AustrNW
213 145.48888889  -8.16666667  50.00000000 7 AustrNW
214 145.33333333  -8.02280702  50.00000000 7 AustrNW
215 145.13333333  -7.96875000  50.00000000 7 AustrNW
216 144.86666667  -8.02549020  50.00000000 7 AustrNW
217 144.67777778  -8.13333333  50.00000000 7 AustrNW
218 144.56666667  -8.30833333  50.00000000 7 AustrNW
219 144.38333333  -8.43333333  50.00000000 7 AustrNW
220 144.28484848  -8.63333333  50.00000000 7 AustrNW
221 144.22666667  -8.86666667  50.00000000 7 AustrNW
222 144.23333333  -9.11666667  50.00000000 7 AustrNW
223 144.13333332  -9.30000000  50.00000000 7 AustrNW
224 144.05555556  -9.53333333  50.00000000 7 AustrNW
225 144.16666667  -9.36888889  50.00000000 7 AustrNW
226 144.33611111  -9.43333333  50.00000000 7 AustrNW
227 144.28787879  -9.66666667  50.00000000 7 AustrNW
228 144.20434783  -9.90000000  50.00000000 7 AustrNW
229 144.06666667 -10.06190476  50.00000000 7 AustrNW
230 143.97419355 -10.26666667  50.00000000 7 AustrNW
231 143.90769231 -10.50000000  50.00000000 7 AustrNW
232 143.93798450 -10.76666667  50.00000000 7 AustrNW
233 144.01666667 -11.00000000  50.00000000 7 AustrNW
234 144.04326241 -11.26666667  50.00000000 7 AustrNW
235 144.03703704 -11.50000000  50.00000000 7 AustrNW
236 144.03620690 -11.80000000  50.00000000 7 AustrNW
237 143.95104167 -12.00000000  50.00000000 7 AustrNW
238 143.79907407 -12.13333333  50.00000000 7 AustrNW
239 143.80000000 -12.33333333  50.00000000 7 AustrNW
240 143.76666667 -12.56666667  50.00000000 7 AustrNW
241 143.80000000 -12.79333333  50.00000000 7 AustrNW
242 143.84567901 -13.00000000  50.00000000 7 AustrNW
243 143.93333333 -13.14444444  50.00000000 7 AustrW
244 143.98830409 -13.40000000  50.00000000 7 AustrW
245 144.08115942 -13.60000000  50.00000000 3 Australia
246 144.22272727 -13.76666667  50.00000000 3 Australia
247 144.36666667 -13.92395833  50.00000000 3 Australia
248 144.56666667 -14.01754386  50.00000000 3 Australia
249 144.75555556 -14.13333333  50.00000000 3 Australia
250 144.96296296 -14.23333333  50.00000000 3 Australia
251 145.20000000 -14.29532164  50.00000000 3 Australia
252 145.40000000 -14.39117647  50.00000000 3 Australia
253 145.56666667 -14.52682927  50.00000000 3 Australia
254 145.67656250 -14.70000000  50.00000000 3 Australia
255 145.70833333 -14.96666667  50.00000000 3 Australia
256 145.66871345 -15.23333333  50.00000000 3 Australia
257 145.69000000 -15.46666667  50.00000000 3 Australia
258 145.69333333 -15.70000000  50.00000000 3 Australia
259 145.73333333 -15.95833333  50.00000000 3 Australia
260 145.80641026 -16.16666667  50.00000000 3 Australia
261 145.92136752 -16.36666667  50.00000000 3 Australia
262 146.03875969 -16.53333333  50.00000000 3 Australia
263 146.12142857 -16.76666667  50.00000000 3 Australia
264 146.30416667 -16.86666667  50.00000000 3 Australia
265 146.41511111 -17.06666667  50.00000000 3 Australia
266 146.51292517 -17.26666667  50.00000000 3 Australia
267 146.60383142 -17.46666667  50.00000000 3 Australia
268 146.70813008 -17.66666667  50.00000000 3 Australia
269 146.80000000 -17.89761905  50.00000000 3 Australia
270 146.92777778 -18.06666667  50.00000000 7 AustrE
271 146.93888889 -18.10000000  50.00000000 7 AustrE
272 147.03333333 -18.23333333  50.00000000 7 AustrE
273 146.86666667 -18.37500000  50.00000000 7 AustrE
274 146.79166667 -18.50000000  50.00000000 7 AustrE
275 147.00000000 -18.42222222  50.00000000 7 AustrE
276 147.16666667 -18.33333334  50.00000000 7 AustrE
277 147.20000000 -18.53333337  50.00000000 7 AustrE
278 147.33333333 -18.70000003  50.00000000 7 AustrE
279 147.49999999 -18.86666667  50.00000000 7 AustrE
280 147.63333335 -18.96666667  50.00000000 7 AustrE
281 147.74444444 -19.00000000  50.00000000 7 AustrE
282 147.91111111 -19.10000000  50.00000000 7 AustrE
283 148.06666667 -18.93333334  50.00000000 7 AustrE
284 148.07777778 -19.10000000  50.00000000 7 AustrE
285 148.16666667 -19.24761905  50.00000000 7 AustrE
286 148.29999999 -19.43333333  50.00000000 7 AustrE
287 148.41666667 -19.60000000  50.00000000 7 AustrE
288 148.63333333 -19.66666668  50.00000000 7 AustrE
289 148.90000000 -19.71666667  50.00000000 7 AustrE
290 149.06666670 -19.60000000  50.00000000 7 AustrE
291 149.06666667 -19.71666667  50.00000000 7 AustrE
292 149.13333333 -19.85000000  50.00000000 7 AustrE
293 149.40000000 -19.86666668  50.00000000 7 AustrE
294 149.30000003 -19.76666667  50.00000000 7 AustrE
295 149.20000002 -19.56666667  50.00000000 7 AustrE
296 149.03333330 -19.50000000  50.00000000 7 AustrE
297 148.80000000 -19.59999997  50.00000000 7 AustrE
298 148.53333337 -19.53333333  50.00000000 7 AustrE
299 148.36666670 -19.40000000  50.00000000 7 AustrE
300 148.30000003 -19.16666667  50.00000000 7 AustrE
301 148.50000000 -19.03333335  50.00000000 7 AustrE
302 148.75555556 -19.10000000  50.00000000 7 AustrE
303 148.90000000 -19.25000000  50.00000000 7 AustrE
304 149.06666667 -19.36666670  50.00000000 7 AustrE
305 149.33333333 -19.35000000  50.00000000 7 AustrE
306 149.56666667 -19.40666667  50.00000000 7 AustrE
307 149.76666667 -19.51111111  50.00000000 7 AustrE
308 149.93333333 -19.66111111  50.00000000 7 AustrE
309 150.06666667 -19.82666667  50.00000000 7 AustrE
310 150.26666667 -19.92916667  50.00000000 7 AustrE
311 150.40952381 -20.06666667  50.00000000 7 AustrE
312 150.57916667 -20.20000000  50.00000000 7 AustrE
313 150.77333333 -20.30000000  50.00000000 7 AustrE
314 151.00000000 -20.39841270  50.00000000 7 AustrE
315 151.13333333 -20.56666667  50.00000000 7 AustrE
316 151.26666667 -20.70833333  50.00000000 7 AustrE
317 151.46666667 -20.80000000  50.00000000 7 AustrE
318 151.73333333 -20.84166667  50.00000000 7 AustrE
319 151.96666667 -20.91333333  50.00000000 7 AustrE
320 152.16666667 -21.01527778  50.00000000 7 AustrE
321 152.43333333 -21.03796296  50.00000000 7 AustrE
322 152.65185185 -21.13333333  50.00000000 7 AustrE
323 152.70769231 -21.30000000  50.00000000 7 AustrE
324 152.62469136 -21.50000000  50.00000000 7 AustrE
325 152.63333333 -21.71975309  50.00000000 7 AustrE
326 152.78070175 -21.86666667  50.00000000 7 AustrE
327 152.83333333 -22.13333333  50.00000000 7 AustrE
328 152.76666667 -22.33000000  50.00000000 7 AustrE
329 152.56666667 -22.40000000  50.00000000 7 AustrE
330 152.36666667 -22.31092896  50.00000000 7 AustrE
331 152.23333333 -22.16666666  50.00000000 7 AustrE
332 151.96666667 -22.10256410  50.00000000 7 AustrE
333 151.78333333 -22.00000000  50.00000000 7 AustrE
334 151.60000000 -21.89999999  50.00000000 7 AustrE
335 151.36666668 -21.80000000  50.00000000 7 AustrE
336 151.18461539 -21.83333333  50.00000000 7 AustrE
337 151.10000000 -21.68888889  50.00000000 7 AustrE
338 150.90000000 -21.58333333  50.00000000 7 AustrE
339 150.70000000 -21.49999999  50.00000000 7 AustrE
340 150.53333334 -21.33333333  50.00000000 7 AustrE
341 150.35000000 -21.23333333  50.00000000 7 AustrE
342 150.23333334 -21.03333333  50.00000000 7 AustrE
343 150.14166667 -21.06666667  50.00000000 7 AustrE
344 150.09999999 -21.23333333  50.00000000 7 AustrE
345 150.23333333 -21.36666667  50.00000000 7 AustrE
346 150.39333333 -21.53333333  50.00000000 7 AustrE
347 150.53333333 -21.68333333  50.00000000 7 AustrE
348 150.66666667 -21.83333334  50.00000000 7 AustrE
349 150.80000000 -22.02222222  50.00000000 7 AustrE
350 150.90000000 -22.20000003  50.00000000 7 AustrE
351 151.03333333 -22.36666670  50.00000000 7 AustrE
352 151.20000000 -22.50000001  50.00000000 7 AustrE
353 151.46666667 -22.54666667  50.00000000 7 AustrE
354 151.66666667 -22.65833333  50.00000000 7 AustrE
355 151.79102564 -22.83333333  50.00000000 7 AustrE
356 151.90000000 -23.01025641  50.00000000 7 AustrE
357 152.00392157 -23.20000000  50.00000000 7 AustrE
358 152.10933333 -23.40000000  50.00000000 7 AustrE
359 152.20555556 -23.60000000  50.00000000 7 AustrE
360 152.35625000 -23.76666667  50.00000000 7 AustrE
361 152.53015873 -23.90000000  50.00000000 7 AustrE
362 152.46666667 -24.03137255  50.00000000 7 AustrE
363 152.60000000 -24.13333334  50.00000000 7 AustrE
364 152.74782609 -24.10000000  50.00000000 7 AustrE
365 152.80000000 -24.27333333  50.00000000 7 AustrE
366 152.96666667 -24.40952381  50.00000000 7 AustrE
367 153.08333333 -24.36666667  50.00000000 7 AustrE
368 153.26666667 -24.44806201  50.00000000 7 AustrE
369 153.40000000 -24.62121212  50.00000000 7 AustrE
370 153.48690476 -24.83333333  50.00000000 7 AustrE
371 153.60000000 -25.00833333  50.00000000 7 AustrE
372 153.53333333 -25.23333330  50.00000000 7 AustrE
373 153.40000000 -25.05833333  50.00000000 7 AustrE
374 153.32500000 -25.26666667  50.00000000 7 AustrE
375 153.39999997 -25.43333333  50.00000000 7 AustrE
376 153.20000000 -25.56666666  50.00000000 7 AustrE
377 153.20000000 -25.73333337  50.00000000 7 AustrE
378 153.36666667 -25.86666670  50.00000000 7 AustrE
379 153.36666667 -26.09999997  50.00000000 3 Australia
380 153.13333333 -26.13333333  50.00000000 3 Australia
381 153.29999998 -26.26666667  50.00000000 3 Australia
382 153.43333330 -26.43333333  50.00000000 3 Australia
383 153.36666667 -26.69999997  50.00000000 3 Australia
384 153.38000000 -26.93333333  50.00000000 3 Australia
385 153.48472222 -27.13333333  50.00000000 3 Australia
386 153.56666667 -27.33500000  50.00000000 3 Australia
387 153.56000000 -27.53333333  50.00000000 3 Australia
388 153.51666667 -27.80000000  50.00000000 3 Australia
389 153.60833333 -27.93333333  50.00000000 3 Australia
390 153.63333336 -28.10000000  50.00000000 3 Australia
391 153.60000000 -28.20000000  50.00000000 3 Australia
392 153.68000000 -28.43333333  50.00000000 3 Australia
393 153.69999999 -28.66666667  50.00000000 3 Australia
394 153.68039216 -28.90000000  50.00000000 3 Australia
395 153.60000000 -29.13333332  50.00000000 3 Australia
396 153.46507937 -29.20000000  50.00000000 3 Australia
397 153.48000000 -29.46666667  50.00000000 3 Australia
398 153.40000000 -29.67222222  50.00000000 3 Australia
399 153.50000000 -29.83750000  50.00000000 3 Australia
400 153.50000000 -29.98611111  50.00000000 3 Australia
401 153.37450980 -30.16666667  50.00000000 3 Australia
402 153.26060606 -30.33333333  50.00000000 3 Australia
403 153.14166667 -30.53333333  50.00000000 3 Australia
404 153.08611111 -30.76666667  50.00000000 3 Australia
405 153.12043011 -31.03333333  50.00000000 3 Australia
406 153.05964912 -31.26666667  50.00000000 3 Australia
407 152.99682540 -31.50000000  50.00000000 3 Australia
408 152.90000000 -31.71111111  50.00000000 3 Australia
409 152.80000000 -31.90555556  50.00000000 3 Australia
410 152.67435897 -32.10000000  50.00000000 3 Australia
411 152.62666667 -32.33333333  50.00000000 3 Australia
412 152.50000000 -32.50645161  50.00000000 3 Australia
413 152.33333333 -32.64444444  50.00000000 3 Australia
414 152.16666667 -32.79415205  50.00000000 3 Australia
415 151.96666667 -32.88333333  50.00000000 3 Australia
416 151.79500000 -33.00000000  50.00000000 3 Australia
417 151.67066667 -33.20000000  50.00000000 3 Australia
418 151.59047619 -33.40000000  50.00000000 3 Australia
419 151.45277778 -33.56666667  50.00000000 3 Australia
420 151.35945946 -33.76666667  50.00000000 3 Australia
421 151.28531073 -34.00000000  50.00000000 3 Australia
422 151.13333333 -34.16666667  50.00000000 3 Australia
423 150.98032787 -34.30000000  50.00000000 3 Australia
424 150.96666667 -34.52777778  50.00000000 3 Australia
425 150.89135802 -34.73333333  50.00000000 3 Australia
426 150.88160920 -34.96666667  50.00000000 3 Australia
427 150.78143460 -35.16666667  50.00000000 3 Australia
428 150.60000000 -35.28125000  50.00000000 3 Australia
429 150.46666667 -35.43523810  50.00000000 3 Australia
430 150.34769231 -35.63333333  50.00000000 3 Australia
431 150.26666667 -35.86666666  50.00000000 3 Australia
432 150.19761905 -36.06666667  50.00000000 3 Australia
433 150.23333333 -36.28571429  50.00000000 3 Australia
434 150.12023810 -36.46666667  50.00000000 3 Australia
435 150.04057971 -36.70000000  50.00000000 3 Australia
436 150.01960784 -36.96666667  50.00000000 3 Australia
437 150.06666667 -37.20512820  50.00000000 3 Australia
438 149.98928571 -37.40000000  50.00000000 7 AustrS2
439 149.93333333 -37.58421053  50.00000000 7 AustrS2
440 149.73333333 -37.70000000  50.00000000 7 AustrS2
441 149.53333333 -37.76725146  50.00000000 7 AustrS2
442 149.27222222 -37.83333333  50.00000000 7 AustrS2
443 149.06666667 -37.86049383  50.00000000 7 AustrS2
444 148.83333333 -37.91025641  50.00000000 7 AustrS2
445 148.56666667 -37.96666666  50.00000000 7 AustrS2
446 148.37777778 -38.00000000  50.00000000 7 AustrS2
447 148.20000000 -38.11111111  50.00000000 7 AustrS2
448 147.98888889 -38.13333333  50.00000000 7 AustrS2
449 147.91111111 -38.36666667  50.00000000 7 AustrS2
450 147.80000000 -38.56666663  50.00000000 7 AustrS2
451 147.68333333 -38.73333333  50.00000000 7 AustrS2
452 147.50000000 -38.86666666  50.00000000 7 AustrS2
453 147.31666667 -38.96666667  50.00000000 7 AustrS2
454 147.24761905 -39.20000000  50.00000000 7 AustrS2
455 147.33333333 -39.35666667  50.00000000 7 AustrS2
456 147.56666667 -39.40000001  50.00000000 7 AustrS2
457 147.80000003 -39.36666667  50.00000000 7 AustrS2
458 148.03333333 -39.26666668  50.00000000 7 AustrS2
459 148.26666667 -39.35000000  50.00000000 7 AustrS2
460 148.36666667 -39.53333335  50.00000000 7 AustrS2
461 148.46666667 -39.75555556  50.00000000 7 AustrS2
462 148.53333332 -39.86666667  50.00000000 7 AustrS2
463 148.53809524 -40.13333333  50.00000000 7 AustrS2
464 148.62000000 -40.36666667  50.00000000 7 AustrS2
465 148.49000000 -40.53333333  50.00000000 7 AustrS2
466 148.43888889 -40.80000000  50.00000000 7 AustrS2
467 148.40000000 -41.04000000  50.00000000 3 Australia
468 148.35625000 -41.23333333  50.00000000 3 Australia
469 148.33333333 -41.45897436  50.00000000 3 Australia
470 148.33131313 -41.66666667  50.00000000 3 Australia
471 148.36111111 -41.86666667  50.00000000 3 Australia
472 148.36666667 -42.06666667  50.00000000 3 Australia
473 148.33333333 -42.26282051  50.00000000 3 Australia
474 148.25416667 -42.40000000  50.00000000 3 Australia
475 148.07976190 -42.53333333  50.00000000 3 Australia
476 148.13333333 -42.69939394  50.00000000 3 Australia
477 147.99999997 -42.76666667  50.00000000 3 Australia
478 148.01931818 -42.96666667  50.00000000 3 Australia
479 148.03333333 -43.15083333  50.00000000 3 Australia
480 147.93333333 -43.21954023  50.00000000 3 Australia
481 147.70000000 -43.21631206  50.00000000 3 Australia
482 147.50000000 -43.31666667  50.00000000 3 Australia
483 147.35387597 -43.46666667  50.00000000 3 Australia
484 147.20000000 -43.55000000  50.00000000 3 Australia
485 147.03333333 -43.42626263  50.00000000 3 Australia
486 146.93333333 -43.60621469  50.00000000 3 Australia
487 146.73333333 -43.64685990  50.00000000 3 Australia
488 146.46666667 -43.61851852  50.00000000 3 Australia
489 146.24978903 -43.66666667  50.00000000 3 Australia
490 146.13333333 -43.56140351  50.00000000 3 Australia
491 145.97750000 -43.46666667  50.00000000 3 Australia
492 145.83214286 -43.33333333  50.00000000 3 Australia
493 145.68518518 -43.16666667  50.00000000 3 Australia
494 145.53333333 -43.00740741  50.00000000 3 Australia
495 145.38571429 -42.86666667  50.00000000 3 Australia
496 145.26666667 -42.69833333  50.00000000 3 Australia
497 145.16666667 -42.49999999  50.00000000 3 Australia
498 145.13095238 -42.23333333  50.00000000 3 Australia
499 145.13333333 -41.98888889  50.00000000 3 Australia
500 144.99333333 -41.83333333  50.00000000 3 Australia
501 144.86078431 -41.66666667  50.00000000 3 Australia
502 144.72941177 -41.50000000  50.00000000 3 Australia
503 144.63333333 -41.29333333  50.00000000 3 Australia
504 144.52083333 -41.10000000  50.00000000 3 Australia
505 144.50000000 -40.85000000  50.00000000 7 AustrS2
506 144.40000001 -40.66666667  50.00000000 7 AustrS2
507 144.23333333 -40.56190476  50.00000000 7 AustrS2
508 144.09333333 -40.40000000  50.00000000 7 AustrS2
509 143.93333333 -40.26666666  50.00000000 7 AustrS2
510 143.78750000 -40.10000000  50.00000000 7 AustrS2
511 143.73703704 -39.83333333  50.00000000 7 AustrS2
512 143.76666667 -39.62380952  50.00000000 7 AustrS2
513 143.93333333 -39.49047619  50.00000000 7 AustrS2
514 144.19999997 -39.46666667  50.00000000 7 AustrS2
515 144.35555556 -39.60000000  50.00000000 7 AustrS2
516 144.49999998 -39.76666667  50.00000000 7 AustrS2
517 144.63333333 -39.90000002  50.00000000 7 AustrS2
518 144.89999997 -39.96666667  50.00000000 7 AustrS2
519 145.06666667 -40.06666668  50.00000000 7 AustrS2
520 145.23333332 -40.23333333  50.00000000 7 AustrS2
521 145.39999997 -40.36666667  50.00000000 7 AustrS2
522 145.56666667 -40.46666668  50.00000000 7 AustrS2
523 145.65555556 -40.70000000  50.00000000 7 AustrS2
524 145.76666667 -40.87222222  50.00000000 7 AustrS2
525 145.96666667 -40.97916667  50.00000000 7 AustrS2
526 146.23333333 -41.00555556  50.00000000 3 Australia
527 146.53333333 -41.01666667  50.00000000 3 Australia
528 146.73333333 -40.90666667  50.00000000 7 AustrS2
529 146.88333333 -40.76666667  50.00000000 7 AustrS2
530 147.00000000 -40.56666670  50.00000000 7 AustrS2
531 147.16666667 -40.43333335  50.00000000 7 AustrS2
532 147.40000000 -40.37500000  50.00000000 7 AustrS2
533 147.50740741 -40.20000000  50.00000000 7 AustrS2
534 147.33333333 -40.09999999  50.00000000 7 AustrS2
535 147.06666667 -40.13333332  50.00000000 7 AustrS2
536 146.90000000 -39.99999997  50.00000000 7 AustrS2
537 146.85333333 -39.73333333  50.00000000 7 AustrS2
538 146.80666667 -39.46666667  50.00000000 7 AustrS2
539 146.70000000 -39.28148148  50.00000000 7 AustrS2
540 146.50000000 -39.38571429  50.00000000 7 AustrS2
541 146.26666667 -39.45833333  50.00000000 7 AustrS2
542 146.06666667 -39.35555556  50.00000000 7 AustrS2
543 145.93333333 -39.19999998  50.00000000 7 AustrS2
544 145.80000000 -39.03333332  50.00000000 7 AustrS2
545 145.64666667 -38.86666667  50.00000000 7 AustrS2
546 145.47333333 -38.73333333  50.00000000 7 AustrS2
547 145.23333333 -38.69583333  50.00000000 7 AustrS2
548 145.00666667 -38.60000000  50.00000000 7 AustrS2
549 144.80000000 -38.53000000  50.00000000 7 AustrS2
550 144.63333333 -38.36904762  50.00000000 7 AustrS2
551 144.40000000 -38.39215686  50.00000000 7 AustrS2
552 144.23333333 -38.50000000  50.00000000 7 AustrS2
553 144.00000000 -38.58095238  50.00000000 7 AustrS2
554 143.83333333 -38.72210145  50.00000000 7 AustrS2
555 143.63333333 -38.82719298  50.00000000 7 AustrS2
556 143.43333333 -38.84615385  50.00000000 7 AustrS2
557 143.23333333 -38.80666667  50.00000000 7 AustrS2
558 143.03333333 -38.72380952  50.00000000 7 AustrS2
559 142.81025641 -38.63333333  50.00000000 3 Australia
560 142.65000000 -38.60000000  50.00000000 3 Australia
561 142.50000000 -38.50000000  50.00000000 3 Australia
562 142.30000003 -38.50000000  50.00000000 3 Australia
563 142.13333333 -38.50370370  50.00000000 3 Australia
564 141.96666667 -38.50512821  50.00000000 3 Australia
565 141.70000000 -38.48000000  50.00000000 3 Australia
566 141.46666667 -38.42187500  50.00000000 3 Australia
567 141.26875000 -38.30000000  50.00000000 3 Australia
568 141.06666667 -38.20476190  50.00000000 3 Australia
569 140.83333333 -38.15208333  50.00000000 3 Australia
570 140.57000000 -38.10000000  50.00000000 3 Australia
571 140.38333333 -38.00000000  50.00000000 3 Australia
572 140.23333333 -37.86111111  50.00000000 3 Australia
573 140.07083333 -37.70000000  50.00000000 3 Australia
574 139.90000000 -37.60000000  50.00000000 6 AustrS
575 139.73333333 -37.43809524  50.00000000 6 AustrS
576 139.60000000 -37.28333333  50.00000000 6 AustrS
577 139.46666667 -37.10000000  50.00000000 6 AustrS
578 139.36666667 -36.91666667  50.00000000 6 AustrS
579 139.23333335 -36.73333333  50.00000000 6 AustrS
580 139.03333333 -36.66666663  50.00000000 6 AustrS
581 138.80000000 -36.73333332  50.00000000 6 AustrS
582 138.63333332 -36.83333333  50.00000000 6 AustrS
583 138.43333333 -36.94333333  50.00000000 6 AustrS
584 138.16666667 -36.98888889  50.00000000 6 AustrS
585 137.96666667 -36.87333333  50.00000000 6 AustrS
586 138.01666667 -36.66666667  50.00000000 6 AustrS
587 138.20000000 -36.55833333  50.00000000 6 AustrS
588 138.33333333 -36.36666670  50.00000000 6 AustrS
589 138.43333337 -36.20000000  50.00000000 6 AustrS
590 138.66666670 -36.13333333  50.00000000 6 AustrS
591 138.70000003 -35.93333333  50.00000000 6 AustrS
592 138.56666668 -35.76666667  50.00000000 6 AustrS
593 138.36666667 -35.68166667  50.00000000 6 AustrS
594 138.26666667 -35.71333333  50.00000000 6 AustrS
595 138.43333333 -35.83333337  50.00000000 6 AustrS
596 138.40000000 -36.09999997  50.00000000 6 AustrS
597 138.13333333 -36.11666667  50.00000000 6 AustrS
598 137.90000000 -36.19999999  50.00000000 6 AustrS
599 137.76666666 -36.33333333  50.00000000 6 AustrS
600 137.60000000 -36.49999999  50.00000000 6 AustrS
601 137.30000000 -36.47857143  50.00000000 6 AustrS
602 137.12500000 -36.36666667  50.00000000 6 AustrS
603 136.93333333 -36.23939394  50.00000000 6 AustrS
604 136.70000000 -36.17380952  50.00000000 6 AustrS
605 136.56666667 -36.03333333  50.00000000 6 AustrS
606 136.50588235 -35.83333333  50.00000000 6 AustrS
607 136.70000000 -35.71157895  50.00000000 6 AustrS
608 136.72222222 -35.56666667  50.00000000 6 AustrS
609 136.55833333 -35.43333333  50.00000000 6 AustrS
610 136.35000000 -35.33333333  50.00000000 6 AustrS
611 136.22222222 -35.16666667  50.00000000 6 AustrS
612 136.03333333 -35.19855072  50.00000000 6 AustrS
613 135.96666667 -35.22424242  50.00000000 6 AustrS
614 135.80000000 -35.10000000  50.00000000 6 AustrS
615 135.53333333 -35.03589744  50.00000000 6 AustrS
616 135.36666667 -34.93076923  50.00000000 6 AustrS
617 135.13333333 -34.85740741  50.00000000 6 AustrS
618 134.90000000 -34.76666667  50.00000000 6 AustrS
619 134.74406780 -34.63333333  50.00000000 6 AustrS
620 134.66666667 -34.40000000  50.00000000 6 AustrS
621 134.50000000 -34.27500000  50.00000000 6 AustrS
622 134.26666667 -34.22777778  50.00000000 6 AustrS
623 134.06666667 -34.12000000  50.00000000 6 AustrS
624 133.93333333 -33.95555556  50.00000000 6 AustrS
625 133.82222222 -33.76666667  50.00000000 6 AustrS
626 133.70000000 -33.58333333  50.00000000 6 AustrS
627 133.56666667 -33.41666667  50.00000000 6 AustrS
628 133.40000002 -33.26666667  50.00000000 6 AustrS
629 133.21666667 -33.16666667  50.00000000 6 AustrS
630 133.00000000 -33.08333333  50.00000000 6 AustrS
631 132.76666667 -33.00666667  50.00000000 6 AustrS
632 132.56666667 -32.93333333  50.00000000 6 AustrS
633 132.37500000 -32.80000000  50.00000000 6 AustrS
634 132.29333333 -32.60000000  50.00000000 6 AustrS
635 132.20000000 -32.38333333  50.00000000 6 AustrS
636 132.00000000 -32.29444444  50.00000000 6 AustrS
637 131.77777778 -32.20000000  50.00000000 6 AustrS
638 131.66666667 -32.03333330  50.00000000 6 AustrS
639 131.53333333 -31.86666666  50.00000000 6 AustrS
640 131.29999997 -31.90000000  50.00000000 6 AustrS
641 131.09999997 -32.00000000  50.00000000 6 AustrS
642 130.86666667 -32.07777778  50.00000000 6 AustrS
643 130.56666667 -32.07777778  50.00000000 6 AustrS
644 130.33333333 -32.08333333  50.00000000 6 AustrS
645 130.10000000 -32.15000000  50.00000000 6 AustrS
646 129.83333333 -32.18888889  50.00000000 6 AustrS
647 129.56666667 -32.23333332  50.00000000 6 AustrS
648 129.36666667 -32.33333330  50.00000000 6 AustrS
649 129.13333333 -32.39999997  50.00000000 6 AustrS
650 128.83333333 -32.39999997  50.00000000 6 AustrS
651 128.63333330 -32.46666667  50.00000000 6 AustrS
652 128.43333330 -32.56666667  50.00000000 6 AustrS
653 128.16666667 -32.61666667  50.00000000 6 AustrS
654 127.90000000 -32.59999999  50.00000000 6 AustrS
655 127.66666667 -32.64444444  50.00000000 6 AustrS
656 127.43333333 -32.73333332  50.00000000 6 AustrS
657 127.20000000 -32.73333333  50.00000000 6 AustrS
658 126.93333333 -32.69166667  50.00000000 6 AustrS
659 126.63333333 -32.69999998  50.00000000 6 AustrS
660 126.33333333 -32.68333333  50.00000000 6 AustrS
661 126.06666667 -32.66666663  50.00000000 6 AustrS
662 125.80000000 -32.69999997  50.00000000 6 AustrS
663 125.63333333 -32.83333330  50.00000000 6 AustrS
664 125.43333333 -32.93333330  50.00000000 6 AustrS
665 125.23333333 -32.82222222  50.00000000 6 AustrS
666 125.03333333 -32.91666667  50.00000000 6 AustrS
667 124.80000000 -32.98666667  50.00000000 6 AustrS
668 124.61666667 -33.10000000  50.00000000 6 AustrS
669 124.53333330 -33.23333333  50.00000000 6 AustrS
670 124.46666663 -33.46666667  50.00000000 6 AustrS
671 124.32222222 -33.63333333  50.00000000 6 AustrS
672 124.21833333 -33.83333333  50.00000000 6 AustrS
673 124.03529412 -33.80000000  50.00000000 6 AustrS
674 123.93333333 -33.74166667  50.00000000 3 Australia
675 123.93333333 -33.84242424  50.00000000 3 Australia
676 123.74000000 -33.96666667  50.00000000 3 Australia
677 123.53333333 -34.05376344  50.00000000 3 Australia
678 123.40000000 -34.21666667  50.00000000 3 Australia
679 123.15238095 -34.23333333  50.00000000 3 Australia
680 122.94166667 -34.30000000  50.00000000 3 Australia
681 122.70000000 -34.29629630  50.00000000 3 Australia
682 122.46666667 -34.29722222  50.00000000 3 Australia
683 122.29230769 -34.40000000  50.00000000 3 Australia
684 122.13333333 -34.28095238  50.00000000 3 Australia
685 121.98965517 -34.16666667  50.00000000 3 Australia
686 121.85833333 -34.03333333  50.00000000 3 Australia
687 121.73333333 -33.92536232  50.00000000 3 Australia
688 121.66666667 -34.09166667  50.00000000 3 Australia
689 121.80833333 -34.20000000  50.00000000 3 Australia
690 121.83333333 -34.37017544  50.00000000 3 Australia
691 121.65000000 -34.26666667  50.00000000 3 Australia
692 121.43333333 -34.18333333  50.00000000 3 Australia
693 121.35384615 -33.96666667  50.00000000 3 Australia
694 121.10000000 -33.92179487  50.00000000 3 Australia
695 121.00000000 -34.10000000  50.00000000 3 Australia
696 120.83333333 -34.06140351  50.00000000 3 Australia
697 120.60666667 -34.06666667  50.00000000 3 Australia
698 120.46666667 -34.21666667  50.00000000 3 Australia
699 120.21111111 -34.16666667  50.00000000 3 Australia
700 120.00000000 -34.08333333  50.00000000 3 Australia
701 119.80000000 -34.04202899  50.00000000 3 Australia
702 119.67666667 -34.23333333  50.00000000 3 Australia
703 119.63333333 -34.47000000  50.00000000 3 Australia
704 119.42272727 -34.50000000  50.00000000 3 Australia
705 119.53333333 -34.62063492  50.00000000 3 Australia
706 119.43768116 -34.73333333  50.00000000 3 Australia
707 119.26666667 -34.76900585  50.00000000 3 Australia
708 119.06666670 -34.66666667  50.00000000 3 Australia
709 118.86666667 -34.71666667  50.00000000 3 Australia
710 118.63333333 -34.78333333  50.00000000 3 Australia
711 118.50000000 -34.84166667  50.00000000 3 Australia
712 118.36666667 -35.00000000  50.00000000 3 Australia
713 118.26666667 -35.02727273  50.00000000 3 Australia
714 118.10000000 -35.12500000  50.00000000 3 Australia
715 118.00000000 -35.33333332  50.00000000 3 Australia
716 117.83333333 -35.25833333  50.00000000 3 Australia
717 117.60000000 -35.18666667  50.00000000 3 Australia
718 117.33333333 -35.15000000  50.00000000 3 Australia
719 117.11666667 -35.16666667  50.00000000 3 Australia
720 117.04583333 -35.30000000  50.00000000 3 Australia
721 116.83333333 -35.22000000  50.00000000 3 Australia
722 116.70000000 -35.13333333  50.00000000 3 Australia
723 116.46666667 -35.12142857  50.00000000 3 Australia
724 116.25555556 -35.03333333  50.00000000 3 Australia
725 116.08333333 -34.93333333  50.00000000 3 Australia
726 115.86666667 -34.87142857  50.00000000 3 Australia
727 115.67407407 -34.76666667  50.00000000 3 Australia
728 115.63333333 -34.52051282  50.00000000 3 Australia
729 115.43333333 -34.49999999  50.00000000 3 Australia
730 115.23333333 -34.56904762  50.00000000 3 Australia
731 115.11777778 -34.40000000  50.00000000 3 Australia
732 114.96666667 -34.31333333  50.00000000 3 Australia
733 114.93137255 -34.06666667  50.00000000 3 Australia
734 114.93333334 -33.80000000  50.00000000 3 Australia
735 114.94444444 -33.56666667  50.00000000 3 Australia
736 114.98666667 -33.36666667  50.00000000 3 Australia
737 115.10833333 -33.20000000  50.00000000 3 Australia
738 115.12666667 -32.96666667  50.00000000 3 Australia
739 115.10000000 -32.73095238  50.00000000 3 Australia
740 115.30000000 -32.62222222  50.00000000 3 Australia
741 115.39444444 -32.40000000  50.00000000 3 Australia
742 115.43888889 -32.16666667  50.00000000 3 Australia
743 115.42051282 -31.90000000  50.00000000 3 Australia
744 115.36666667 -31.67500000  50.00000000 3 Australia
745 115.36666667 -31.49999999  50.00000000 3 Australia
746 115.23333333 -31.33333333  50.00000000 3 Australia
747 115.06666667 -31.19333333  50.00000000 3 Australia
748 115.08333333 -31.06666667  50.00000000 3 Australia
749 115.06666667 -30.83333333  50.00000000 3 Australia
750 114.96666667 -30.65714286  50.00000000 3 Australia
751 114.86666667 -30.43333333  50.00000000 3 Australia
752 114.80000000 -30.22857143  50.00000000 3 Australia
753 114.68571429 -30.03333333  50.00000000 3 Australia
754 114.56666667 -29.83333333  50.00000000 3 Australia
755 114.53333335 -29.56666667  50.00000000 3 Australia
756 114.66666670 -29.46666667  50.00000000 3 Australia
757 114.59999997 -29.43333333  50.00000000 3 Australia
758 114.40000000 -29.42222222  50.00000000 3 Australia
759 114.25000000 -29.26666667  50.00000000 3 Australia
760 114.10000000 -29.10833333  50.00000000 3 Australia
761 113.91555555 -29.00000000  50.00000000 3 Australia
762 113.76666667 -28.84927536  50.00000000 3 Australia
763 113.69259259 -28.63333333  50.00000000 3 Australia
764 113.62469136 -28.40000000  50.00000000 3 Australia
765 113.56969697 -28.20000000  50.00000000 3 Australia
766 113.73333333 -28.04444444  50.00000000 3 Australia
767 113.93333333 -27.95555556  50.00000000 3 Australia
768 114.05454545 -27.76666667  50.00000000 3 Australia
769 114.06666667 -27.53333333  50.00000000 3 Australia
770 113.96770833 -27.30000000  50.00000000 3 Australia
771 113.84571428 -27.13333333  50.00000000 3 Australia
772 113.73333333 -26.93333333  50.00000000 3 Australia
773 113.60000000 -26.78730159  50.00000000 3 Australia
774 113.46666667 -26.61944444  50.00000000 3 Australia
775 113.27352941 -26.50000000  50.00000000 3 Australia
776 113.20000000 -26.27333333  50.00000000 3 Australia
777 113.10092593 -26.06666667  50.00000000 3 Australia
778 112.96913580 -25.90000000  50.00000000 3 Australia
779 112.86666667 -25.70666667  50.00000000 3 Australia
780 112.88000000 -25.46666667  50.00000000 3 Australia
781 112.91904762 -25.20000000  50.00000000 3 Australia
782 112.91250000 -24.90000000  50.00000000 3 Australia
783 113.00476190 -24.70000000  50.00000000 3 Australia
784 113.13333333 -24.51111111  50.00000000 3 Australia
785 113.24000000 -24.40000000  50.00000000 3 Australia
786 113.25555556 -24.16666667  50.00000000 3 Australia
787 113.26666667 -23.99999997  50.00000000 3 Australia
788 113.36666667 -23.80000001  50.00000000 3 Australia
789 113.46666667 -23.63333333  50.00000000 3 Australia
790 113.58888889 -23.43333333  50.00000000 3 Australia
791 113.70000000 -23.36666666  50.00000000 3 Australia
792 113.61333333 -23.13333333  50.00000000 3 Australia
793 113.58888889 -22.86666667  50.00000000 3 Australia
794 113.63333333 -22.60777778  50.00000000 3 Australia
795 113.72968036 -22.40000000  50.00000000 3 Australia
796 113.82000000 -22.20000000  50.00000000 3 Australia
797 113.90000000 -21.98958333  50.00000000 3 Australia
798 114.03333333 -21.80574713  50.00000000 3 Australia
799 114.20000000 -21.70000000  50.00000000 3 Australia
800 114.40000000 -21.58819444  50.00000000 3 Australia
801 114.63333333 -21.53148148  50.00000000 3 Australia
802 114.86190476 -21.43333333  50.00000000 3 Australia
803 115.00333333 -21.36666667  50.00000000 7 AustrW
804 115.00000000 -21.17500000  50.00000000 7 AustrW
805 115.12857143 -21.00000000  50.00000000 7 AustrW
806 115.18148148 -20.76666667  50.00000000 7 AustrW
807 115.26250000 -20.53333333  50.00000000 7 AustrW
808 115.34761905 -20.33333333  50.00000000 7 AustrW
809 115.53333333 -20.20833333  50.00000000 7 AustrW
810 115.76666667 -20.28333333  50.00000000 7 AustrW
811 116.00000000 -20.27777778  50.00000000 7 AustrW
812 116.20000000 -20.18888889  50.00000000 7 AustrW
813 116.43333333 -20.11666667  50.00000000 7 AustrW
814 116.66666667 -20.12666667  50.00000000 7 AustrW
815 116.83333337 -20.00000000  50.00000000 7 AustrW
816 117.10000000 -19.95000000  50.00000000 7 AustrW
817 117.40000000 -19.95000000  50.00000000 7 AustrW
818 117.59999997 -20.00000000  50.00000000 7 AustrW
819 117.73333333 -19.86666668  50.00000000 7 AustrW
820 117.93333333 -19.76666668  50.00000000 7 AustrW
821 118.13333333 -19.67777778  50.00000000 7 AustrW
822 118.31666667 -19.56666667  50.00000000 7 AustrW
823 118.53333337 -19.50000000  50.00000000 7 AustrW
824 118.76666667 -19.40833333  50.00000000 7 AustrW
825 118.96666667 -19.31666667  50.00000000 7 AustrW
826 119.23333333 -19.29166667  50.00000000 7 AustrW
827 119.50000000 -19.32222222  50.00000000 7 AustrW
828 119.80000000 -19.31666667  50.00000000 7 AustrW
829 120.03333337 -19.26666667  50.00000000 7 AustrW
830 120.26666667 -19.18333333  50.00000000 7 AustrW
831 120.46666667 -19.06666668  50.00000000 7 AustrW
832 120.63333333 -18.93333337  50.00000000 7 AustrW
833 120.78333333 -18.80000000  50.00000000 7 AustrW
834 120.93333333 -18.63333335  50.00000000 7 AustrW
835 121.06666667 -18.46666670  50.00000000 7 AustrW
836 121.20000002 -18.33333333  50.00000000 7 AustrW
837 121.36666667 -18.16666668  50.00000000 7 AustrW
838 121.50000000 -18.01666667  50.00000000 7 AustrW
839 121.63333333 -17.83333335  50.00000000 7 AustrW
840 121.71666667 -17.63333333  50.00000000 7 AustrW
841 121.78888889 -17.40000000  50.00000000 7 AustrW
842 121.74444444 -17.13333333  50.00000000 7 AustrW
843 121.70000001 -16.86666667  50.00000000 7 AustrW
844 121.76666668 -16.63333333  50.00000000 7 AustrW
845 121.91666667 -16.46666667  50.00000000 7 AustrW
846 122.08333333 -16.33333333  50.00000000 7 AustrW
847 122.26666667 -16.21666667  50.00000000 7 AustrW
848 122.50000000 -16.13333335  50.00000000 7 AustrW
849 122.66666668 -16.03333333  50.00000000 7 AustrW
850 122.73333335 -15.80000000  50.00000000 7 AustrW
851 122.82500000 -15.56666667  50.00000000 7 AustrW
852 122.93333334 -15.40000000  50.00000000 7 AustrW
853 123.13333333 -15.27333333  50.00000000 7 AustrW
854 123.40000000 -15.24166667  50.00000000 7 AustrW
855 123.70000000 -15.23333334  50.00000000 7 AustrW
856 123.90000003 -15.16666667  50.00000000 7 AustrW
857 124.07500000 -15.03333333  50.00000000 7 AustrW
858 124.22500000 -14.86666667  50.00000000 7 AustrW
859 124.38888889 -14.73333333  50.00000000 7 AustrW
860 124.60000000 -14.63333334  50.00000000 7 AustrW
861 124.70476190 -14.46666667  50.00000000 7 AustrW
862 124.79166667 -14.23333333  50.00000000 7 AustrW
863 124.95000000 -14.10000000  50.00000000 7 AustrW
864 125.16666667 -14.00000001  50.00000000 7 AustrW
865 125.36666667 -13.91666667  50.00000000 7 AustrW
866 125.52222222 -13.76666667  50.00000000 7 AustrW
867 125.73333333 -13.67777778  50.00000000 7 AustrW
868 125.95000000 -13.60000000  50.00000000 7 AustrW
869 126.15555556 -13.50000000  50.00000000 7 AustrW
870 126.40000000 -13.43333334  50.00000000 7 AustrW
871 126.66666667 -13.42500000  50.00000000 7 AustrW
872 126.89999998 -13.50000000  50.00000000 7 AustrW
873 127.10000000 -13.56666667  50.00000000 7 AustrW
874 127.33333333 -13.63888889  50.00000000 7 AustrW
875 127.49999999 -13.80000000  50.00000000 7 AustrW
876 127.63333333 -13.95833333  50.00000000 7 AustrW
877 127.80000000 -14.07333333  50.00000000 7 AustrW
878 127.96666667 -14.21111111  50.00000000 7 AustrW
879 128.16666667 -14.31666667  50.00000000 7 AustrW
880 128.36666668 -14.23333333  50.00000000 7 AustrW
881 128.53333333 -14.06666668  50.00000000 7 AustrW
882 128.65000000 -13.90000000  50.00000000 7 AustrW
883 128.80000000 -13.73333335  50.00000000 7 AustrW
884 128.96666667 -13.60000003  50.00000000 7 AustrW
885 129.16666667 -13.50000003  50.00000000 7 AustrW
886 129.33333333 -13.36666670  50.00000000 7 AustrW
887 129.33333336 -13.23333333  50.00000000 7 AustrW
888 129.36666670 -12.96666667  50.00000000 7 AustrW
889 129.46666667 -12.73333337  50.00000000 7 AustrW
890 129.53333337 -12.53333333  50.00000000 7 AustrW
891 129.56666670 -12.26666667  50.00000000 7 AustrW
892 129.50000002 -12.03333333  50.00000000 7 AustrW
893 129.46666668 -11.76666667  50.00000000 7 AustrW
894 129.53333335 -11.53333333  50.00000000 7 AustrW
895 129.66666667 -11.33333337  50.00000000 7 AustrW
896 129.83333333 -11.22222222  50.00000000 7 AustrW
897 130.03333333 -11.10833333  50.00000000 7 AustrW
898 130.16666667 -10.95833333  50.00000000 7 AustrW
899 130.36666667 -10.85000000  50.00000000 7 AustrW
900 130.66666667 -10.85000000  50.00000000 7 AustrW
901 130.90000003 -10.86666667  50.00000000 7 AustrW
902 131.16666670 -10.83333333  50.00000000 7 AustrW
903 131.43333333 -10.77777778  50.00000000 7 AustrW
904 131.73333333 -10.77500000  50.00000000 7 AustrW
905 132.03333333 -10.77333333  50.00000000 7 AustrW
906 132.26666667 -10.70000001  50.00000000 7 AustrW
907 132.50000000 -10.63333334  50.00000000 7 AustrW
908 132.76666667 -10.61666667  50.00000000 7 AustrW
909 133.03333333 -10.58888889  50.00000000 7 AustrW
910 133.26666667 -10.63333335  50.00000000 7 AustrW
911 133.46666667 -10.75000000  50.00000000 7 AustrW
912 133.66666664 -10.86666667  50.00000000 7 AustrW
913 133.86666664 -10.96666667  50.00000000 7 AustrW
914 134.10000000 -11.00000001  50.00000000 7 AustrW
915 134.33333336 -10.96666667  50.00000000 7 AustrW
916 134.60000000 -10.90000003  50.00000000 7 AustrW
917 134.90000000 -10.90000002  50.00000000 7 AustrW
918 135.20000000 -10.90000002  50.00000000 7 AustrW
919 135.40000000 -10.80000003  50.00000000 7 AustrW
920 135.63333333 -10.73333337  50.00000000 7 AustrW
921 135.89999997 -10.80000000  50.00000000 7 AustrW
922 136.10000000 -10.73333337  50.00000000 7 AustrW
923 136.30000003 -10.66666667  50.00000000 7 AustrW
924 136.53333333 -10.56666668  50.00000000 7 AustrW
925 136.76666667 -10.51666667  50.00000000 7 AustrW
926 137.03333333 -10.53333335  50.00000000 7 AustrW
927 137.23333333 -10.63333334  50.00000000 7 AustrW
928 137.43333333 -10.73333334  50.00000000 7 AustrW
929 137.66666667 -10.80000003  50.00000000 7 AustrW
930 137.90000000 -10.86666670  50.00000000 7 AustrW
931 138.16666667 -10.90000003  50.00000000 7 AustrW
932 138.36666667 -10.80000003  50.00000000 7 AustrW
933 138.33333336 -10.56666667  50.00000000 7 AustrW
934 138.26666667 -10.36666663  50.00000000 7 AustrW
935 138.13333336 -10.16666667  50.00000000 7 AustrW
936 138.01666667 -10.00000000  50.00000000 7 AustrW
937 137.85000000  -9.86666667  50.00000000 7 AustrW
938 137.71666667  -9.70000000  50.00000000 7 AustrW
939 137.56666667  -9.56666665  50.00000000 7 AustrW
940 137.40000000  -9.43333330  50.00000000 7 AustrW
941 137.26666667  -9.26666665  50.00000000 7 AustrW
942 137.10000003  -9.10000000  50.00000000 7 AustrW
943 137.00000003  -8.90000000  50.00000000 7 AustrW
944 136.93333335  -8.66666667  50.00000000 7 AustrW
945 136.86666667  -8.46666663  50.00000000 7 AustrW
946 136.80000000  -8.23333330  50.00000000 7 AustrW
947 136.70000003  -8.00000000  50.00000000 7 AustrW
948 136.60000003  -7.80000000  50.00000000 7 AustrW
949 136.46666670  -7.63333333  50.00000000 7 AustrW
950 136.33333333  -7.49999997  50.00000000 7 AustrW
951 136.13333336  -7.36666667  50.00000000 7 AustrW
952 135.93333333  -7.36666665  50.00000000 7 AustrW
953 135.70000003  -7.26666667  50.00000000 7 AustrW
954 135.46666667  -7.23333332  50.00000000 7 AustrW
955 135.23333333  -7.27777778  50.00000000 7 AustrW
956 135.06666667  -7.40833333  50.00000000 7 AustrW
957 134.80000000  -7.46666666  50.00000000 7 AustrW
958 134.53333333  -7.47777778  50.00000000 7 AustrW
959 134.23333333  -7.48888889  50.00000000 7 AustrW
960 133.96666670  -7.43333333  50.00000000 7 AustrW
961 133.80000000  -7.31666667  50.00000000 7 AustrW
962 133.63333333  -7.18333333  50.00000000 7 AustrW
963 133.46666667  -7.06666665  50.00000000 7 AustrW
964 133.33333333  -6.89444444  50.00000000 7 AustrW
965 133.29285714  -6.70000000  50.00000000 7 AustrW
966 133.46000000  -6.60000000  50.00000000 7 AustrW
967 133.66666667  -6.60000000  50.00000000 7 AustrW
968 133.85185185  -6.50000000  50.00000000 7 AustrW
969 133.95151515  -6.30000000  50.00000000 7 AustrW
970 134.03129252  -6.06666667  50.00000000 7 AustrW
971 134.13333333  -5.89797980  50.00000000 7 AustrW
972 134.17291667  -5.63333333  50.00000000 7 AustrW
973 134.26666667  -5.42142857  50.00000000 7 AustrW
974 134.43333333  -5.27222222  50.00000000 7 AustrW
975 134.55897436  -5.10000000  50.00000000 7 AustrW
976 134.80000000  -5.06111111  50.00000000 7 AustrW
977 134.96666667  -5.18333333  50.00000000 7 AustrW
978 135.13333333  -5.31666667  50.00000000 7 AustrW
979 135.33333330  -5.43333333  50.00000000 7 AustrW
980 135.53333330  -5.53333333  50.00000000 7 AustrW
981 135.76666667  -5.56666670  50.00000000 7 AustrW
982 135.93333333  -5.43333337  50.00000000 7 AustrW
983 136.06666667  -5.26666670  50.00000000 7 AustrW
984 136.12222222  -5.03333333  50.00000000 7 AustrW
985 136.00000000  -4.83888889  50.00000000 3 Australia
986 135.76666667  -4.79999999  50.00000000 3 Australia
987 135.53333333  -4.70833333  50.00000000 3 Australia
988 135.30000000  -4.66666666  50.00000000 3 Australia
989 135.06666667  -4.57222222  50.00000000 3 Australia
990 134.93333333  -4.43000000  50.00000000 3 Australia
991 134.85000000  -4.30000000  50.00000000 3 Australia
992 134.63333333  -4.23703704  50.00000000 3 Australia
993 134.58377193  -4.06666667  50.00000000 3 Australia
994 134.42651515  -4.03333333  50.00000000 3 Australia
995 134.20000000  -4.03378227  50.00000000 3 Australia
996 134.00000000  -3.93611111  50.00000000 3 Australia
997 133.76470588  -3.93333333  50.00000000 3 Australia
998 133.58070175  -4.06666667  50.00000000 3 Australia
999 133.61307190  -4.26666667  50.00000000 3 Australia
1000 133.46666667  -4.27705628  50.00000000 3 Australia
1001 133.29824561  -4.16666667  50.00000000 3 Australia
1002 133.06666667  -4.09333333  50.00000000 3 Australia
1003 132.86666667  -4.05980392  50.00000000 3 Australia
1004 132.76775148  -3.83333333  50.00000000 3 Australia
1005 132.72894737  -3.60000000  50.00000000 3 Australia
1006 132.80000000  -3.54933333  50.00000000 3 Australia
1007 132.60119048  -3.43333333  50.00000000 3 Australia
1008 132.66666667  -3.37536232  50.00000000 3 Australia
1009 132.53333333  -3.24190476  50.00000000 3 Australia
1010 132.40666667  -3.13333333  50.00000000 3 Australia
1011 132.30000000  -3.02380952  50.00000000 3 Australia
1012 132.03333333  -2.98273810  50.00000000 3 Australia
1013 131.89545455  -2.83333333  50.00000000 3 Australia
1014 131.80000001  -2.60000000  50.00000000 3 Australia
1015 131.68888889  -2.43333333  50.00000000 3 Australia
1016 131.53333333  -2.29999998  50.00000000 3 Australia
1017 131.40000000  -2.13333332  50.00000000 3 Australia
1018 131.20000000  -2.01666667  50.00000000 3 Australia
1019 130.96666667  -2.01333333  50.00000000 3 Australia
1020 130.98205128  -2.13333333  50.00000000 3 Australia
1021 130.77777778  -2.16666667  50.00000000 3 Australia
1022 130.60000000  -2.28983051  50.00000000 3 Australia
1023 130.34375000  -2.23333333  50.00000000 3 Australia
1024 130.20000000  -2.17777778  50.00000000 3 Australia
1025 130.10000000  -2.07820513  50.00000000 3 Australia
1026 129.86666667  -2.00894309  50.00000000 3 Australia
1027 129.70000000  -1.88148148  50.00000000 3 Australia
1028 129.62516026  -1.80000000  50.00000000 3 Australia
1029 129.80000000  -1.69262821  50.00000000 3 Australia
1030 129.97179487  -1.70000000  50.00000000 3 Australia
1031 129.88438439  -1.63333333  50.00000000 3 Australia
1032 130.10000000  -1.56078431  50.00000000 3 Australia
1033 130.22195513  -1.36666667  50.00000000 3 Australia
1034 130.42631579  -1.26666667  50.00000000 3 Australia
1035 130.56666667  -1.13157895  50.00000000 3 Australia
1036 130.70000000  -0.94570858  50.00000000 3 Australia
1037 130.66666667  -0.92040598  50.00000000 3 Australia
1038 130.41857143  -0.86666667  50.00000000 3 Australia
1039 130.50434783  -0.66666667  50.00000000 3 Australia
1040 130.43333333  -0.44676617  50.00000000 3 Australia
1041 130.23333333  -0.42250000  50.00000000 3 Australia
1042 130.14305556  -0.26666667  50.00000000 3 Australia
1043 129.99294872  -0.13333333  50.00000000 3 Australia
1044 130.03333333   0.07976190  50.00000000 3 Australia
